ASM FILE 1 {
D:\×ÊÁÏ\P2\P2code_0429\code\TM56F1522.asm
@@@@@: CODE 3616
0 7 000000 000000 1
0 8 000001 000001 1
0 9 000002 000002 1
0 10 000003 000003 1
0 11 000004 000004 1
0 12 000005 000005 1
0 13 000006 000006 1
0 14 000007 000007 1
0 15 000008 000008 1
0 16 000009 000009 1
0 17 00000A 00000A 1
0 18 00000B 00000B 1
0 19 00000C 00000C 1
0 20 00000D 00000D 1
0 21 00000E 00000E 1
0 22 00000F 00000F 1
0 23 000010 000010 0
0 27 000011 000011 0
0 28 000012 000012 0
0 32 000013 000013 0
0 33 000014 000014 0
0 34 000015 000015 0
0 35 000016 000016 0
0 36 000017 000017 0
0 37 000018 000018 0
0 38 000019 000019 0
0 39 00001A 00001A 0
0 40 00001B 00001B 0
0 41 00001C 00001C 0
0 42 00001D 00001D 0
0 46 00001E 00001E 0
0 47 00001F 00001F 0
0 48 000020 000020 0
0 49 000021 000021 0
0 53 000022 000022 0
0 54 000023 000023 0
0 55 000024 000024 0
0 56 000025 000025 0
0 60 000026 000026 0
0 61 000027 000027 0
0 62 000028 000028 0
0 63 000029 000029 0
0 64 00002A 00002A 0
0 65 00002B 00002B 0
0 66 00002C 00002C 0
0 67 00002D 00002D 0
0 68 00002E 00002E 0
0 69 00002F 00002F 0
0 70 000030 000030 0
0 71 000031 000031 0
0 72 000032 000032 0
0 73 000033 000033 0
0 74 000034 000034 0
0 75 000035 000035 0
0 76 000036 000036 0
0 77 000037 000037 0
0 78 000038 000038 0
0 79 000039 000039 0
0 80 00003A 00003A 0
0 81 00003B 00003B 0
0 82 00003C 00003C 0
0 83 00003D 00003D 0
0 84 00003E 00003E 0
0 85 00003F 00003F 0
0 86 000040 000040 0
0 87 000041 000041 0
0 88 000042 000042 0
0 89 000043 000043 0
0 90 000044 000044 0
0 91 000045 000045 0
0 92 000046 000046 0
0 93 000047 000047 0
0 97 000048 000048 0
0 98 000049 000049 0
0 99 00004A 00004A 0
0 100 00004B 00004B 0
0 101 00004C 00004C 0
0 102 00004D 00004D 0
0 103 00004E 00004E 0
0 107 00004F 00004F 0
0 108 000050 000050 0
0 109 000051 000051 0
0 110 000052 000052 0
0 111 000053 000053 0
0 112 000054 000054 0
0 113 000055 000055 0
0 117 000056 000056 0
0 118 000057 000057 0
0 119 000058 000058 0
0 120 000059 000059 0
0 121 00005A 00005A 0
0 122 00005B 00005B 0
0 123 00005C 00005C 0
0 124 00005D 00005D 0
0 128 00005E 00005E 0
0 129 00005F 00005F 0
0 130 000060 000060 0
0 131 000061 000061 0
0 132 000062 000062 0
0 133 000063 000063 0
0 134 000064 000064 0
0 135 000065 000065 0
0 136 000066 000066 0
0 137 000067 000067 0
0 138 000068 000068 0
0 139 000069 000069 0
0 140 00006A 00006A 0
0 141 00006B 00006B 0
0 145 00006C 00006C 0
0 146 00006D 00006D 0
0 147 00006E 00006E 0
0 148 00006F 00006F 0
0 149 000070 000070 0
0 150 000071 000071 0
0 151 000072 000072 0
0 152 000073 000073 0
0 153 000074 000074 0
0 157 000075 000075 0
0 158 000076 000076 0
0 162 000077 000077 0
0 163 000078 000078 0
0 164 000079 000079 0
0 165 00007A 00007A 0
0 166 00007B 00007B 0
0 167 00007C 00007C 0
0 168 00007D 00007D 0
0 169 00007E 00007E 0
0 170 00007F 00007F 0
0 171 000080 000080 0
0 172 000081 000081 0
0 173 000082 000082 0
0 174 000083 000083 0
0 175 000084 000084 0
0 176 000085 000085 0
0 177 000086 000086 0
0 181 000087 000087 0
0 182 000088 000088 0
0 183 000089 000089 0
0 184 00008A 00008A 0
0 185 00008B 00008B 0
0 186 00008C 00008C 0
0 187 00008D 00008D 0
0 188 00008E 00008E 0
0 192 00008F 00008F 0
0 193 000090 000090 0
0 194 000091 000091 0
0 195 000092 000092 0
0 196 000093 000093 0
0 197 000094 000094 0
0 198 000095 000095 0
0 202 000096 000096 0
0 203 000097 000097 0
0 204 000098 000098 0
0 205 000099 000099 0
0 206 00009A 00009A 0
0 207 00009B 00009B 0
0 208 00009C 00009C 0
0 209 00009D 00009D 0
0 210 00009E 00009E 0
0 211 00009F 00009F 0
0 212 0000A0 0000A0 0
0 213 0000A1 0000A1 0
0 214 0000A2 0000A2 0
0 215 0000A3 0000A3 0
0 216 0000A4 0000A4 0
0 217 0000A5 0000A5 0
0 221 0000A6 0000A6 0
0 222 0000A7 0000A7 0
0 223 0000A8 0000A8 0
0 224 0000A9 0000A9 0
0 225 0000AA 0000AA 0
0 226 0000AB 0000AB 0
0 227 0000AC 0000AC 0
0 228 0000AD 0000AD 0
0 229 0000AE 0000AE 0
0 230 0000AF 0000AF 0
0 231 0000B0 0000B0 0
0 232 0000B1 0000B1 0
0 233 0000B2 0000B2 0
0 234 0000B3 0000B3 0
0 235 0000B4 0000B4 0
0 236 0000B5 0000B5 0
0 237 0000B6 0000B6 0
0 238 0000B7 0000B7 0
0 239 0000B8 0000B8 0
0 243 0000B9 0000B9 0
0 247 0000BA 0000BA 0
0 248 0000BB 0000BB 0
0 249 0000BC 0000BC 0
0 250 0000BD 0000BD 0
0 251 0000BE 0000BE 0
0 252 0000BF 0000BF 0
0 253 0000C0 0000C0 0
0 254 0000C1 0000C1 0
0 255 0000C2 0000C2 0
0 256 0000C3 0000C3 0
0 257 0000C4 0000C4 0
0 258 0000C5 0000C5 0
0 259 0000C6 0000C6 0
0 260 0000C7 0000C7 0
0 261 0000C8 0000C8 0
0 262 0000C9 0000C9 0
0 263 0000CA 0000CA 0
0 267 0000CB 0000CB 0
0 271 0000CC 0000CC 0
0 272 0000CD 0000CD 0
0 273 0000CE 0000CE 0
0 274 0000CF 0000CF 0
0 275 0000D0 0000D0 0
0 276 0000D1 0000D1 0
0 277 0000D2 0000D2 0
0 278 0000D3 0000D3 0
0 279 0000D4 0000D4 0
0 283 0000D5 0000D5 0
0 284 0000D6 0000D6 0
0 285 0000D7 0000D7 0
0 286 0000D8 0000D8 0
0 287 0000D9 0000D9 0
0 288 0000DA 0000DA 0
0 289 0000DB 0000DB 0
0 290 0000DC 0000DC 0
0 291 0000DD 0000DD 0
0 295 0000DE 0000DE 0
0 296 0000DF 0000DF 0
0 297 0000E0 0000E0 0
0 298 0000E1 0000E1 0
0 299 0000E2 0000E2 0
0 300 0000E3 0000E3 0
0 301 0000E4 0000E4 0
0 302 0000E5 0000E5 0
0 303 0000E6 0000E6 0
0 307 0000E7 0000E7 0
0 308 0000E8 0000E8 0
0 309 0000E9 0000E9 0
0 310 0000EA 0000EA 0
0 311 0000EB 0000EB 0
0 312 0000EC 0000EC 0
0 313 0000ED 0000ED 0
0 314 0000EE 0000EE 0
0 315 0000EF 0000EF 0
0 316 0000F0 0000F0 0
0 317 0000F1 0000F1 0
0 318 0000F2 0000F2 0
0 319 0000F3 0000F3 0
0 320 0000F4 0000F4 0
0 321 0000F5 0000F5 0
0 322 0000F6 0000F6 0
0 323 0000F7 0000F7 0
0 324 0000F8 0000F8 0
0 325 0000F9 0000F9 0
0 326 0000FA 0000FA 0
0 327 0000FB 0000FB 0
0 328 0000FC 0000FC 0
0 329 0000FD 0000FD 0
0 330 0000FE 0000FE 0
0 331 0000FF 0000FF 0
0 332 000100 000100 0
0 333 000101 000101 0
0 334 000102 000102 0
0 335 000103 000103 0
0 336 000104 000104 0
0 337 000105 000105 0
0 338 000106 000106 0
0 339 000107 000107 0
0 340 000108 000108 0
0 341 000109 000109 0
0 342 00010A 00010A 0
0 343 00010B 00010B 0
0 344 00010C 00010C 0
0 345 00010D 00010D 0
0 346 00010E 00010E 0
0 347 00010F 00010F 0
0 348 000110 000110 0
0 349 000111 000111 0
0 350 000112 000112 0
0 351 000113 000113 0
0 352 000114 000114 0
0 353 000115 000115 0
0 354 000116 000116 0
0 355 000117 000117 0
0 356 000118 000118 0
0 357 000119 000119 0
0 358 00011A 00011A 0
0 359 00011B 00011B 0
0 360 00011C 00011C 0
0 361 00011D 00011D 0
0 362 00011E 00011E 0
0 363 00011F 00011F 0
0 364 000120 000120 0
0 365 000121 000121 0
0 366 000122 000122 0
0 367 000123 000123 0
0 368 000124 000124 0
0 369 000125 000125 0
0 370 000126 000126 0
0 371 000127 000127 0
0 372 000128 000128 0
0 373 000129 000129 0
0 374 00012A 00012A 0
0 375 00012B 00012B 0
0 376 00012C 00012C 0
0 377 00012D 00012D 0
0 378 00012E 00012E 0
0 379 00012F 00012F 0
0 380 000130 000130 0
0 381 000131 000131 0
0 385 000132 000132 0
0 386 000133 000133 0
0 387 000134 000134 0
0 388 000135 000135 0
0 389 000136 000136 0
0 390 000137 000137 0
0 391 000138 000138 0
0 392 000139 000139 0
0 393 00013A 00013A 0
0 397 00013B 00013B 0
0 401 00013C 00013C 0
0 405 00013D 00013D 0
0 406 00013E 00013E 0
0 407 00013F 00013F 0
0 408 000140 000140 0
0 409 000141 000141 0
0 410 000142 000142 0
0 411 000143 000143 0
0 412 000144 000144 0
0 413 000145 000145 0
0 414 000146 000146 0
0 415 000147 000147 0
0 416 000148 000148 0
0 417 000149 000149 0
0 418 00014A 00014A 0
0 419 00014B 00014B 0
0 420 00014C 00014C 0
0 421 00014D 00014D 0
0 422 00014E 00014E 0
0 423 00014F 00014F 0
0 424 000150 000150 0
0 425 000151 000151 0
0 426 000152 000152 0
0 427 000153 000153 0
0 428 000154 000154 0
0 429 000155 000155 0
0 430 000156 000156 0
0 431 000157 000157 0
0 432 000158 000158 0
0 433 000159 000159 0
0 434 00015A 00015A 0
0 435 00015B 00015B 0
0 436 00015C 00015C 0
0 437 00015D 00015D 0
0 438 00015E 00015E 0
0 439 00015F 00015F 0
0 440 000160 000160 0
0 441 000161 000161 0
0 442 000162 000162 0
0 446 000163 000163 0
0 447 000164 000164 0
0 448 000165 000165 0
0 449 000166 000166 0
0 450 000167 000167 0
0 451 000168 000168 0
0 452 000169 000169 0
0 453 00016A 00016A 0
0 454 00016B 00016B 0
0 455 00016C 00016C 0
0 459 00016D 00016D 0
0 460 00016E 00016E 0
0 461 00016F 00016F 0
0 465 000170 000170 0
0 466 000171 000171 0
0 467 000172 000172 0
0 468 000173 000173 0
0 469 000174 000174 0
0 473 000175 000175 0
0 474 000176 000176 0
0 475 000177 000177 0
0 476 000178 000178 0
0 477 000179 000179 0
0 481 00017A 00017A 0
0 482 00017B 00017B 0
0 483 00017C 00017C 0
0 484 00017D 00017D 0
0 485 00017E 00017E 0
0 486 00017F 00017F 0
0 487 000180 000180 0
0 491 000181 000181 0
0 492 000182 000182 0
0 493 000183 000183 0
0 497 000184 000184 0
0 498 000185 000185 0
0 499 000186 000186 0
0 500 000187 000187 0
0 504 000188 000188 0
0 505 000189 000189 0
0 506 00018A 00018A 0
0 507 00018B 00018B 0
0 508 00018C 00018C 0
0 509 00018D 00018D 0
0 510 00018E 00018E 0
0 511 00018F 00018F 0
0 512 000190 000190 0
0 513 000191 000191 0
0 514 000192 000192 0
0 515 000193 000193 0
0 516 000194 000194 0
0 517 000195 000195 0
0 518 000196 000196 0
0 519 000197 000197 0
0 520 000198 000198 0
0 521 000199 000199 0
0 522 00019A 00019A 0
0 523 00019B 00019B 0
0 524 00019C 00019C 0
0 525 00019D 00019D 0
0 529 00019E 00019E 0
0 530 00019F 00019F 0
0 531 0001A0 0001A0 0
0 532 0001A1 0001A1 0
0 533 0001A2 0001A2 0
0 534 0001A3 0001A3 0
0 535 0001A4 0001A4 0
0 536 0001A5 0001A5 0
0 537 0001A6 0001A6 0
0 538 0001A7 0001A7 0
0 539 0001A8 0001A8 0
0 540 0001A9 0001A9 0
0 541 0001AA 0001AA 0
0 542 0001AB 0001AB 0
0 543 0001AC 0001AC 0
0 544 0001AD 0001AD 0
0 545 0001AE 0001AE 0
0 546 0001AF 0001AF 0
0 547 0001B0 0001B0 0
0 548 0001B1 0001B1 0
0 549 0001B2 0001B2 0
0 550 0001B3 0001B3 0
0 551 0001B4 0001B4 0
0 552 0001B5 0001B5 0
0 553 0001B6 0001B6 0
0 557 0001B7 0001B7 0
0 558 0001B8 0001B8 0
0 559 0001B9 0001B9 0
0 560 0001BA 0001BA 0
0 561 0001BB 0001BB 0
0 562 0001BC 0001BC 0
0 563 0001BD 0001BD 0
0 564 0001BE 0001BE 0
0 565 0001BF 0001BF 0
0 566 0001C0 0001C0 0
0 567 0001C1 0001C1 0
0 568 0001C2 0001C2 0
0 569 0001C3 0001C3 0
0 573 0001C4 0001C4 0
0 577 0001C5 0001C5 0
0 578 0001C6 0001C6 0
0 579 0001C7 0001C7 0
0 580 0001C8 0001C8 0
0 581 0001C9 0001C9 0
0 582 0001CA 0001CA 0
0 583 0001CB 0001CB 0
0 584 0001CC 0001CC 0
0 585 0001CD 0001CD 0
0 586 0001CE 0001CE 0
0 587 0001CF 0001CF 0
0 588 0001D0 0001D0 0
0 589 0001D1 0001D1 0
0 590 0001D2 0001D2 0
0 591 0001D3 0001D3 0
0 592 0001D4 0001D4 0
0 593 0001D5 0001D5 0
0 594 0001D6 0001D6 0
0 595 0001D7 0001D7 0
0 596 0001D8 0001D8 0
0 597 0001D9 0001D9 0
0 598 0001DA 0001DA 0
0 599 0001DB 0001DB 0
0 603 0001DC 0001DC 0
0 604 0001DD 0001DD 0
0 605 0001DE 0001DE 0
0 606 0001DF 0001DF 0
0 607 0001E0 0001E0 0
0 608 0001E1 0001E1 0
0 612 0001E2 0001E2 0
0 613 0001E3 0001E3 0
0 614 0001E4 0001E4 0
0 615 0001E5 0001E5 0
0 616 0001E6 0001E6 0
0 617 0001E7 0001E7 0
0 621 0001E8 0001E8 0
0 622 0001E9 0001E9 0
0 623 0001EA 0001EA 0
0 624 0001EB 0001EB 0
0 625 0001EC 0001EC 0
0 626 0001ED 0001ED 0
0 630 0001EE 0001EE 0
0 631 0001EF 0001EF 0
0 632 0001F0 0001F0 0
0 633 0001F1 0001F1 0
0 634 0001F2 0001F2 0
0 635 0001F3 0001F3 0
0 636 0001F4 0001F4 0
0 637 0001F5 0001F5 0
0 638 0001F6 0001F6 0
0 639 0001F7 0001F7 0
0 640 0001F8 0001F8 0
0 641 0001F9 0001F9 0
0 642 0001FA 0001FA 0
0 643 0001FB 0001FB 0
0 647 0001FC 0001FC 0
0 648 0001FD 0001FD 0
0 649 0001FE 0001FE 0
0 650 0001FF 0001FF 0
0 651 000200 000200 0
0 652 000201 000201 0
0 653 000202 000202 0
0 654 000203 000203 0
0 655 000204 000204 0
0 656 000205 000205 0
0 657 000206 000206 0
0 658 000207 000207 0
0 659 000208 000208 0
0 660 000209 000209 0
0 661 00020A 00020A 0
0 662 00020B 00020B 0
0 663 00020C 00020C 0
0 664 00020D 00020D 0
0 665 00020E 00020E 0
0 666 00020F 00020F 0
0 667 000210 000210 0
0 668 000211 000211 0
0 669 000212 000212 0
0 670 000213 000213 0
0 671 000214 000214 0
0 672 000215 000215 0
0 673 000216 000216 0
0 674 000217 000217 0
0 675 000218 000218 0
0 676 000219 000219 0
0 677 00021A 00021A 0
0 678 00021B 00021B 0
0 682 00021C 00021C 0
0 683 00021D 00021D 0
0 684 00021E 00021E 0
0 685 00021F 00021F 0
0 686 000220 000220 0
0 690 000221 000221 0
0 691 000222 000222 0
0 692 000223 000223 0
0 693 000224 000224 0
0 694 000225 000225 0
0 695 000226 000226 0
0 696 000227 000227 0
0 697 000228 000228 0
0 698 000229 000229 0
0 699 00022A 00022A 0
0 700 00022B 00022B 0
0 701 00022C 00022C 0
0 702 00022D 00022D 0
0 703 00022E 00022E 0
0 704 00022F 00022F 0
0 705 000230 000230 0
0 706 000231 000231 0
0 707 000232 000232 0
0 708 000233 000233 0
0 709 000234 000234 0
0 710 000235 000235 0
0 711 000236 000236 0
0 712 000237 000237 0
0 713 000238 000238 0
0 714 000239 000239 0
0 715 00023A 00023A 0
0 716 00023B 00023B 0
0 717 00023C 00023C 0
0 718 00023D 00023D 0
0 719 00023E 00023E 0
0 720 00023F 00023F 0
0 721 000240 000240 0
0 722 000241 000241 0
0 723 000242 000242 0
0 724 000243 000243 0
0 725 000244 000244 0
0 726 000245 000245 0
0 727 000246 000246 0
0 728 000247 000247 0
0 729 000248 000248 0
0 733 000249 000249 0
0 734 00024A 00024A 0
0 738 00024B 00024B 0
0 739 00024C 00024C 0
0 740 00024D 00024D 0
0 741 00024E 00024E 0
0 742 00024F 00024F 0
0 743 000250 000250 0
0 744 000251 000251 0
0 745 000252 000252 0
0 746 000253 000253 0
0 747 000254 000254 0
0 748 000255 000255 0
0 749 000256 000256 0
0 750 000257 000257 0
0 751 000258 000258 0
0 752 000259 000259 0
0 753 00025A 00025A 0
0 754 00025B 00025B 0
0 755 00025C 00025C 0
0 756 00025D 00025D 0
0 757 00025E 00025E 0
0 758 00025F 00025F 0
0 759 000260 000260 0
0 760 000261 000261 0
0 761 000262 000262 0
0 762 000263 000263 0
0 763 000264 000264 0
0 767 000265 000265 0
0 768 000266 000266 0
0 769 000267 000267 0
0 770 000268 000268 0
0 771 000269 000269 0
0 772 00026A 00026A 0
0 773 00026B 00026B 0
0 774 00026C 00026C 0
0 775 00026D 00026D 0
0 776 00026E 00026E 0
0 777 00026F 00026F 0
0 778 000270 000270 0
0 779 000271 000271 0
0 780 000272 000272 0
0 781 000273 000273 0
0 782 000274 000274 0
0 783 000275 000275 0
0 784 000276 000276 0
0 785 000277 000277 0
0 786 000278 000278 0
0 790 000279 000279 0
0 791 00027A 00027A 0
0 792 00027B 00027B 0
0 793 00027C 00027C 0
0 794 00027D 00027D 0
0 795 00027E 00027E 0
0 796 00027F 00027F 0
0 797 000280 000280 0
0 798 000281 000281 0
0 799 000282 000282 0
0 803 000283 000283 0
0 804 000284 000284 0
0 805 000285 000285 0
0 806 000286 000286 0
0 807 000287 000287 0
0 808 000288 000288 0
0 809 000289 000289 0
0 810 00028A 00028A 0
0 811 00028B 00028B 0
0 812 00028C 00028C 0
0 813 00028D 00028D 0
0 817 00028E 00028E 0
0 818 00028F 00028F 0
0 819 000290 000290 0
0 820 000291 000291 0
0 821 000292 000292 0
0 822 000293 000293 0
0 823 000294 000294 0
0 824 000295 000295 0
0 825 000296 000296 0
0 826 000297 000297 0
0 827 000298 000298 0
0 828 000299 000299 0
0 829 00029A 00029A 0
0 830 00029B 00029B 0
0 831 00029C 00029C 0
0 832 00029D 00029D 0
0 833 00029E 00029E 0
0 834 00029F 00029F 0
0 835 0002A0 0002A0 0
0 836 0002A1 0002A1 0
0 837 0002A2 0002A2 0
0 838 0002A3 0002A3 0
0 839 0002A4 0002A4 0
0 840 0002A5 0002A5 0
0 841 0002A6 0002A6 0
0 845 0002A7 0002A7 0
0 846 0002A8 0002A8 0
0 847 0002A9 0002A9 0
0 848 0002AA 0002AA 0
0 849 0002AB 0002AB 0
0 850 0002AC 0002AC 0
0 851 0002AD 0002AD 0
0 852 0002AE 0002AE 0
0 853 0002AF 0002AF 0
0 854 0002B0 0002B0 0
0 855 0002B1 0002B1 0
0 856 0002B2 0002B2 0
0 857 0002B3 0002B3 0
0 858 0002B4 0002B4 0
0 862 0002B5 0002B5 0
0 863 0002B6 0002B6 0
0 867 0002B7 0002B7 0
0 868 0002B8 0002B8 0
0 869 0002B9 0002B9 0
0 870 0002BA 0002BA 0
0 871 0002BB 0002BB 0
0 872 0002BC 0002BC 0
0 876 0002BD 0002BD 0
0 877 0002BE 0002BE 0
0 881 0002BF 0002BF 0
0 882 0002C0 0002C0 0
0 883 0002C1 0002C1 0
0 884 0002C2 0002C2 0
0 885 0002C3 0002C3 0
0 886 0002C4 0002C4 0
0 890 0002C5 0002C5 0
0 891 0002C6 0002C6 0
0 895 0002C7 0002C7 0
0 896 0002C8 0002C8 0
0 897 0002C9 0002C9 0
0 901 0002CA 0002CA 0
0 902 0002CB 0002CB 0
0 903 0002CC 0002CC 0
0 904 0002CD 0002CD 0
0 905 0002CE 0002CE 0
0 906 0002CF 0002CF 0
0 907 0002D0 0002D0 0
0 908 0002D1 0002D1 0
0 909 0002D2 0002D2 0
0 910 0002D3 0002D3 0
0 914 0002D4 0002D4 0
0 915 0002D5 0002D5 0
0 916 0002D6 0002D6 0
0 917 0002D7 0002D7 0
0 918 0002D8 0002D8 0
0 919 0002D9 0002D9 0
0 920 0002DA 0002DA 0
0 921 0002DB 0002DB 0
0 922 0002DC 0002DC 0
0 923 0002DD 0002DD 0
0 924 0002DE 0002DE 0
0 925 0002DF 0002DF 0
0 926 0002E0 0002E0 0
0 927 0002E1 0002E1 0
0 928 0002E2 0002E2 0
0 929 0002E3 0002E3 0
0 930 0002E4 0002E4 0
0 931 0002E5 0002E5 0
0 932 0002E6 0002E6 0
0 933 0002E7 0002E7 0
0 934 0002E8 0002E8 0
0 935 0002E9 0002E9 0
0 936 0002EA 0002EA 0
0 937 0002EB 0002EB 0
0 938 0002EC 0002EC 0
0 939 0002ED 0002ED 0
0 940 0002EE 0002EE 0
0 941 0002EF 0002EF 0
0 942 0002F0 0002F0 0
0 943 0002F1 0002F1 0
0 944 0002F2 0002F2 0
0 945 0002F3 0002F3 0
0 946 0002F4 0002F4 0
0 947 0002F5 0002F5 0
0 948 0002F6 0002F6 0
0 949 0002F7 0002F7 0
0 950 0002F8 0002F8 0
0 951 0002F9 0002F9 0
0 952 0002FA 0002FA 0
0 956 0002FB 0002FB 0
0 957 0002FC 0002FC 0
0 958 0002FD 0002FD 0
0 959 0002FE 0002FE 0
0 960 0002FF 0002FF 0
0 961 000300 000300 0
0 962 000301 000301 0
0 963 000302 000302 0
0 964 000303 000303 0
0 965 000304 000304 0
0 966 000305 000305 0
0 967 000306 000306 0
0 971 000307 000307 0
0 972 000308 000308 0
0 973 000309 000309 0
0 974 00030A 00030A 0
0 975 00030B 00030B 0
0 976 00030C 00030C 0
0 977 00030D 00030D 0
0 978 00030E 00030E 0
0 979 00030F 00030F 0
0 980 000310 000310 0
0 981 000311 000311 0
0 985 000312 000312 0
0 986 000313 000313 0
0 987 000314 000314 0
0 988 000315 000315 0
0 989 000316 000316 0
0 990 000317 000317 0
0 991 000318 000318 0
0 992 000319 000319 0
0 993 00031A 00031A 0
0 997 00031B 00031B 0
0 998 00031C 00031C 0
0 999 00031D 00031D 0
0 1000 00031E 00031E 0
0 1001 00031F 00031F 0
0 1002 000320 000320 0
0 1003 000321 000321 0
0 1004 000322 000322 0
0 1005 000323 000323 0
0 1006 000324 000324 0
0 1007 000325 000325 0
0 1008 000326 000326 0
0 1009 000327 000327 0
0 1010 000328 000328 0
0 1011 000329 000329 0
0 1012 00032A 00032A 0
0 1013 00032B 00032B 0
0 1014 00032C 00032C 0
0 1015 00032D 00032D 0
0 1019 00032E 00032E 0
0 1020 00032F 00032F 0
0 1021 000330 000330 0
0 1022 000331 000331 0
0 1023 000332 000332 0
0 1024 000333 000333 0
0 1025 000334 000334 0
0 1026 000335 000335 0
0 1027 000336 000336 0
0 1028 000337 000337 0
0 1029 000338 000338 0
0 1030 000339 000339 0
0 1031 00033A 00033A 0
0 1032 00033B 00033B 0
0 1033 00033C 00033C 0
0 1034 00033D 00033D 0
0 1035 00033E 00033E 0
0 1036 00033F 00033F 0
0 1040 000340 000340 0
0 1041 000341 000341 0
0 1042 000342 000342 0
0 1043 000343 000343 0
0 1044 000344 000344 0
0 1045 000345 000345 0
0 1049 000346 000346 0
0 1050 000347 000347 0
0 1051 000348 000348 0
0 1052 000349 000349 0
0 1053 00034A 00034A 0
0 1054 00034B 00034B 0
0 1055 00034C 00034C 0
0 1056 00034D 00034D 0
0 1057 00034E 00034E 0
0 1061 00034F 00034F 0
0 1062 000350 000350 0
0 1066 000351 000351 0
0 1067 000352 000352 0
0 1068 000353 000353 0
0 1069 000354 000354 0
0 1070 000355 000355 0
0 1071 000356 000356 0
0 1072 000357 000357 0
0 1073 000358 000358 0
0 1077 000359 000359 0
0 1078 00035A 00035A 0
0 1079 00035B 00035B 0
0 1080 00035C 00035C 0
0 1081 00035D 00035D 0
0 1082 00035E 00035E 0
0 1083 00035F 00035F 0
0 1084 000360 000360 0
0 1085 000361 000361 0
0 1086 000362 000362 0
0 1087 000363 000363 0
0 1088 000364 000364 0
0 1089 000365 000365 0
0 1090 000366 000366 0
0 1091 000367 000367 0
0 1095 000368 000368 0
0 1096 000369 000369 0
0 1097 00036A 00036A 0
0 1098 00036B 00036B 0
0 1099 00036C 00036C 0
0 1100 00036D 00036D 0
0 1101 00036E 00036E 0
0 1102 00036F 00036F 0
0 1103 000370 000370 0
0 1107 000371 000371 0
0 1108 000372 000372 0
0 1109 000373 000373 0
0 1110 000374 000374 0
0 1111 000375 000375 0
0 1112 000376 000376 0
0 1113 000377 000377 0
0 1114 000378 000378 0
0 1115 000379 000379 0
0 1116 00037A 00037A 0
0 1117 00037B 00037B 0
0 1118 00037C 00037C 0
0 1119 00037D 00037D 0
0 1120 00037E 00037E 0
0 1121 00037F 00037F 0
0 1122 000380 000380 0
0 1123 000381 000381 0
0 1124 000382 000382 0
0 1125 000383 000383 0
0 1126 000384 000384 0
0 1127 000385 000385 0
0 1128 000386 000386 0
0 1129 000387 000387 0
0 1130 000388 000388 0
0 1134 000389 000389 0
0 1135 00038A 00038A 0
0 1136 00038B 00038B 0
0 1137 00038C 00038C 0
0 1138 00038D 00038D 0
0 1139 00038E 00038E 0
0 1140 00038F 00038F 0
0 1141 000390 000390 0
0 1142 000391 000391 0
0 1143 000392 000392 0
0 1144 000393 000393 0
0 1145 000394 000394 0
0 1146 000395 000395 0
0 1147 000396 000396 0
0 1148 000397 000397 0
0 1149 000398 000398 0
0 1150 000399 000399 0
0 1151 00039A 00039A 0
0 1152 00039B 00039B 0
0 1153 00039C 00039C 0
0 1154 00039D 00039D 0
0 1158 00039E 00039E 0
0 1159 00039F 00039F 0
0 1160 0003A0 0003A0 0
0 1161 0003A1 0003A1 0
0 1162 0003A2 0003A2 0
0 1163 0003A3 0003A3 0
0 1164 0003A4 0003A4 0
0 1165 0003A5 0003A5 0
0 1166 0003A6 0003A6 0
0 1170 0003A7 0003A7 0
0 1171 0003A8 0003A8 0
0 1172 0003A9 0003A9 0
0 1173 0003AA 0003AA 0
0 1174 0003AB 0003AB 0
0 1175 0003AC 0003AC 0
0 1176 0003AD 0003AD 0
0 1177 0003AE 0003AE 0
0 1178 0003AF 0003AF 0
0 1179 0003B0 0003B0 0
0 1183 0003B1 0003B1 0
0 1184 0003B2 0003B2 0
0 1185 0003B3 0003B3 0
0 1186 0003B4 0003B4 0
0 1187 0003B5 0003B5 0
0 1188 0003B6 0003B6 0
0 1189 0003B7 0003B7 0
0 1193 0003B8 0003B8 0
0 1194 0003B9 0003B9 0
0 1195 0003BA 0003BA 0
0 1196 0003BB 0003BB 0
0 1197 0003BC 0003BC 0
0 1198 0003BD 0003BD 0
0 1202 0003BE 0003BE 0
0 1203 0003BF 0003BF 0
0 1204 0003C0 0003C0 0
0 1205 0003C1 0003C1 0
0 1206 0003C2 0003C2 0
0 1207 0003C3 0003C3 0
0 1211 0003C4 0003C4 0
0 1212 0003C5 0003C5 0
0 1213 0003C6 0003C6 0
0 1214 0003C7 0003C7 0
0 1215 0003C8 0003C8 0
0 1216 0003C9 0003C9 0
0 1217 0003CA 0003CA 0
0 1221 0003CB 0003CB 0
0 1222 0003CC 0003CC 0
0 1223 0003CD 0003CD 0
0 1224 0003CE 0003CE 0
0 1225 0003CF 0003CF 0
0 1226 0003D0 0003D0 0
0 1227 0003D1 0003D1 0
0 1231 0003D2 0003D2 0
0 1232 0003D3 0003D3 0
0 1233 0003D4 0003D4 0
0 1234 0003D5 0003D5 0
0 1235 0003D6 0003D6 0
0 1236 0003D7 0003D7 0
0 1237 0003D8 0003D8 0
0 1238 0003D9 0003D9 0
0 1239 0003DA 0003DA 0
0 1243 0003DB 0003DB 0
0 1244 0003DC 0003DC 0
0 1245 0003DD 0003DD 0
0 1246 0003DE 0003DE 0
0 1247 0003DF 0003DF 0
0 1248 0003E0 0003E0 0
0 1249 0003E1 0003E1 0
0 1250 0003E2 0003E2 0
0 1251 0003E3 0003E3 0
0 1252 0003E4 0003E4 0
0 1256 0003E5 0003E5 0
0 1257 0003E6 0003E6 0
0 1258 0003E7 0003E7 0
0 1259 0003E8 0003E8 0
0 1263 0003E9 0003E9 0
0 1264 0003EA 0003EA 0
0 1265 0003EB 0003EB 0
0 1266 0003EC 0003EC 0
0 1267 0003ED 0003ED 0
0 1271 0003EE 0003EE 0
0 1272 0003EF 0003EF 0
0 1273 0003F0 0003F0 0
0 1274 0003F1 0003F1 0
0 1275 0003F2 0003F2 0
0 1276 0003F3 0003F3 0
0 1277 0003F4 0003F4 0
0 1278 0003F5 0003F5 0
0 1279 0003F6 0003F6 0
0 1283 0003F7 0003F7 0
0 1287 0003F8 0003F8 0
0 1288 0003F9 0003F9 0
0 1289 0003FA 0003FA 0
0 1290 0003FB 0003FB 0
0 1291 0003FC 0003FC 0
0 1292 0003FD 0003FD 0
0 1293 0003FE 0003FE 0
0 1294 0003FF 0003FF 0
0 1295 000400 000400 0
0 1299 000401 000401 0
0 1300 000402 000402 0
0 1301 000403 000403 0
0 1302 000404 000404 0
0 1303 000405 000405 0
0 1304 000406 000406 0
0 1305 000407 000407 0
0 1306 000408 000408 0
0 1307 000409 000409 0
0 1308 00040A 00040A 0
0 1309 00040B 00040B 0
0 1310 00040C 00040C 0
0 1311 00040D 00040D 0
0 1312 00040E 00040E 0
0 1313 00040F 00040F 0
0 1314 000410 000410 0
0 1315 000411 000411 0
0 1316 000412 000412 0
0 1317 000413 000413 0
0 1318 000414 000414 0
0 1319 000415 000415 0
0 1320 000416 000416 0
0 1321 000417 000417 0
0 1322 000418 000418 0
0 1323 000419 000419 0
0 1324 00041A 00041A 0
0 1325 00041B 00041B 0
0 1329 00041C 00041C 0
0 1330 00041D 00041D 0
0 1331 00041E 00041E 0
0 1335 00041F 00041F 0
0 1336 000420 000420 0
0 1337 000421 000421 0
0 1338 000422 000422 0
0 1339 000423 000423 0
0 1340 000424 000424 0
0 1341 000425 000425 0
0 1342 000426 000426 0
0 1343 000427 000427 0
0 1344 000428 000428 0
0 1345 000429 000429 0
0 1349 00042A 00042A 0
0 1350 00042B 00042B 0
0 1351 00042C 00042C 0
0 1352 00042D 00042D 0
0 1353 00042E 00042E 0
0 1354 00042F 00042F 0
0 1355 000430 000430 0
0 1356 000431 000431 0
0 1357 000432 000432 0
0 1358 000433 000433 0
0 1359 000434 000434 0
0 1360 000435 000435 0
0 1361 000436 000436 0
0 1362 000437 000437 0
0 1363 000438 000438 0
0 1364 000439 000439 0
0 1368 00043A 00043A 0
0 1369 00043B 00043B 0
0 1373 00043C 00043C 0
0 1374 00043D 00043D 0
0 1375 00043E 00043E 0
0 1376 00043F 00043F 0
0 1377 000440 000440 0
0 1378 000441 000441 0
0 1379 000442 000442 0
0 1380 000443 000443 0
0 1381 000444 000444 0
0 1382 000445 000445 0
0 1383 000446 000446 0
0 1384 000447 000447 0
0 1385 000448 000448 0
0 1386 000449 000449 0
0 1387 00044A 00044A 0
0 1388 00044B 00044B 0
0 1389 00044C 00044C 0
0 1390 00044D 00044D 0
0 1391 00044E 00044E 0
0 1395 00044F 00044F 0
0 1396 000450 000450 0
0 1397 000451 000451 0
0 1398 000452 000452 0
0 1399 000453 000453 0
0 1403 000454 000454 0
0 1404 000455 000455 0
0 1405 000456 000456 0
0 1406 000457 000457 0
0 1407 000458 000458 0
0 1408 000459 000459 0
0 1409 00045A 00045A 0
0 1410 00045B 00045B 0
0 1411 00045C 00045C 0
0 1412 00045D 00045D 0
0 1416 00045E 00045E 0
0 1417 00045F 00045F 0
0 1418 000460 000460 0
0 1422 000461 000461 0
0 1423 000462 000462 0
0 1424 000463 000463 0
0 1425 000464 000464 0
0 1426 000465 000465 0
0 1427 000466 000466 0
0 1428 000467 000467 0
0 1429 000468 000468 0
0 1430 000469 000469 0
0 1434 00046A 00046A 0
0 1435 00046B 00046B 0
0 1436 00046C 00046C 0
0 1437 00046D 00046D 0
0 1438 00046E 00046E 0
0 1439 00046F 00046F 0
0 1440 000470 000470 0
0 1441 000471 000471 0
0 1442 000472 000472 0
0 1443 000473 000473 0
0 1444 000474 000474 0
0 1445 000475 000475 0
0 1446 000476 000476 0
0 1447 000477 000477 0
0 1448 000478 000478 0
0 1449 000479 000479 0
0 1450 00047A 00047A 0
0 1451 00047B 00047B 0
0 1452 00047C 00047C 0
0 1453 00047D 00047D 0
0 1454 00047E 00047E 0
0 1455 00047F 00047F 0
0 1456 000480 000480 0
0 1457 000481 000481 0
0 1458 000482 000482 0
0 1459 000483 000483 0
0 1460 000484 000484 0
0 1461 000485 000485 0
0 1465 000486 000486 0
0 1466 000487 000487 0
0 1467 000488 000488 0
0 1471 000489 000489 0
0 1472 00048A 00048A 0
0 1473 00048B 00048B 0
0 1474 00048C 00048C 0
0 1475 00048D 00048D 0
0 1476 00048E 00048E 0
0 1477 00048F 00048F 0
0 1478 000490 000490 0
0 1479 000491 000491 0
0 1480 000492 000492 0
0 1481 000493 000493 0
0 1485 000494 000494 0
0 1486 000495 000495 0
0 1487 000496 000496 0
0 1488 000497 000497 0
0 1489 000498 000498 0
0 1490 000499 000499 0
0 1491 00049A 00049A 0
0 1492 00049B 00049B 0
0 1493 00049C 00049C 0
0 1494 00049D 00049D 0
0 1495 00049E 00049E 0
0 1499 00049F 00049F 0
0 1500 0004A0 0004A0 0
0 1501 0004A1 0004A1 0
0 1502 0004A2 0004A2 0
0 1503 0004A3 0004A3 0
0 1504 0004A4 0004A4 0
0 1505 0004A5 0004A5 0
0 1506 0004A6 0004A6 0
0 1507 0004A7 0004A7 0
0 1508 0004A8 0004A8 0
0 1509 0004A9 0004A9 0
0 1510 0004AA 0004AA 0
0 1511 0004AB 0004AB 0
0 1512 0004AC 0004AC 0
0 1513 0004AD 0004AD 0
0 1514 0004AE 0004AE 0
0 1515 0004AF 0004AF 0
0 1519 0004B0 0004B0 0
0 1523 0004B1 0004B1 0
0 1524 0004B2 0004B2 0
0 1525 0004B3 0004B3 0
0 1526 0004B4 0004B4 0
0 1527 0004B5 0004B5 0
0 1528 0004B6 0004B6 0
0 1529 0004B7 0004B7 0
0 1530 0004B8 0004B8 0
0 1531 0004B9 0004B9 0
0 1532 0004BA 0004BA 0
0 1533 0004BB 0004BB 0
0 1534 0004BC 0004BC 0
0 1535 0004BD 0004BD 0
0 1536 0004BE 0004BE 0
0 1537 0004BF 0004BF 0
0 1538 0004C0 0004C0 0
0 1539 0004C1 0004C1 0
0 1540 0004C2 0004C2 0
0 1541 0004C3 0004C3 0
0 1545 0004C4 0004C4 0
0 1546 0004C5 0004C5 0
0 1547 0004C6 0004C6 0
0 1548 0004C7 0004C7 0
0 1549 0004C8 0004C8 0
0 1553 0004C9 0004C9 0
0 1554 0004CA 0004CA 0
0 1555 0004CB 0004CB 0
0 1556 0004CC 0004CC 0
0 1557 0004CD 0004CD 0
0 1558 0004CE 0004CE 0
0 1562 0004CF 0004CF 0
0 1563 0004D0 0004D0 0
0 1564 0004D1 0004D1 0
0 1565 0004D2 0004D2 0
0 1566 0004D3 0004D3 0
0 1567 0004D4 0004D4 0
0 1568 0004D5 0004D5 0
0 1569 0004D6 0004D6 0
0 1570 0004D7 0004D7 0
0 1571 0004D8 0004D8 0
0 1572 0004D9 0004D9 0
0 1573 0004DA 0004DA 0
0 1574 0004DB 0004DB 0
0 1575 0004DC 0004DC 0
0 1576 0004DD 0004DD 0
0 1577 0004DE 0004DE 0
0 1578 0004DF 0004DF 0
0 1579 0004E0 0004E0 0
0 1580 0004E1 0004E1 0
0 1581 0004E2 0004E2 0
0 1582 0004E3 0004E3 0
0 1586 0004E4 0004E4 0
0 1587 0004E5 0004E5 0
0 1588 0004E6 0004E6 0
0 1589 0004E7 0004E7 0
0 1593 0004E8 0004E8 0
0 1594 0004E9 0004E9 0
0 1598 0004EA 0004EA 0
0 1599 0004EB 0004EB 0
0 1600 0004EC 0004EC 0
0 1601 0004ED 0004ED 0
0 1602 0004EE 0004EE 0
0 1603 0004EF 0004EF 0
0 1604 0004F0 0004F0 0
0 1605 0004F1 0004F1 0
0 1606 0004F2 0004F2 0
0 1607 0004F3 0004F3 0
0 1608 0004F4 0004F4 0
0 1609 0004F5 0004F5 0
0 1610 0004F6 0004F6 0
0 1611 0004F7 0004F7 0
0 1612 0004F8 0004F8 0
0 1613 0004F9 0004F9 0
0 1614 0004FA 0004FA 0
0 1615 0004FB 0004FB 0
0 1616 0004FC 0004FC 0
0 1617 0004FD 0004FD 0
0 1618 0004FE 0004FE 0
0 1619 0004FF 0004FF 0
0 1620 000500 000500 0
0 1621 000501 000501 0
0 1622 000502 000502 0
0 1623 000503 000503 0
0 1624 000504 000504 0
0 1625 000505 000505 0
0 1626 000506 000506 0
0 1627 000507 000507 0
0 1628 000508 000508 0
0 1629 000509 000509 0
0 1630 00050A 00050A 0
0 1631 00050B 00050B 0
0 1632 00050C 00050C 0
0 1633 00050D 00050D 0
0 1634 00050E 00050E 0
0 1635 00050F 00050F 0
0 1636 000510 000510 0
0 1637 000511 000511 0
0 1638 000512 000512 0
0 1639 000513 000513 0
0 1640 000514 000514 0
0 1641 000515 000515 0
0 1642 000516 000516 0
0 1643 000517 000517 0
0 1644 000518 000518 0
0 1645 000519 000519 0
0 1646 00051A 00051A 0
0 1647 00051B 00051B 0
0 1648 00051C 00051C 0
0 1649 00051D 00051D 0
0 1650 00051E 00051E 0
0 1651 00051F 00051F 0
0 1652 000520 000520 0
0 1653 000521 000521 0
0 1654 000522 000522 0
0 1655 000523 000523 0
0 1656 000524 000524 0
0 1657 000525 000525 0
0 1658 000526 000526 0
0 1659 000527 000527 0
0 1660 000528 000528 0
0 1661 000529 000529 0
0 1662 00052A 00052A 0
0 1663 00052B 00052B 0
0 1664 00052C 00052C 0
0 1665 00052D 00052D 0
0 1666 00052E 00052E 0
0 1667 00052F 00052F 0
0 1668 000530 000530 0
0 1669 000531 000531 0
0 1670 000532 000532 0
0 1671 000533 000533 0
0 1675 000534 000534 0
0 1676 000535 000535 0
0 1680 000536 000536 0
0 1681 000537 000537 0
0 1682 000538 000538 0
0 1683 000539 000539 0
0 1684 00053A 00053A 0
0 1685 00053B 00053B 0
0 1686 00053C 00053C 0
0 1687 00053D 00053D 0
0 1688 00053E 00053E 0
0 1689 00053F 00053F 0
0 1690 000540 000540 0
0 1691 000541 000541 0
0 1695 000542 000542 0
0 1696 000543 000543 0
0 1700 000544 000544 0
0 1701 000545 000545 0
0 1702 000546 000546 0
0 1703 000547 000547 0
0 1704 000548 000548 0
0 1705 000549 000549 0
0 1706 00054A 00054A 0
0 1707 00054B 00054B 0
0 1708 00054C 00054C 0
0 1709 00054D 00054D 0
0 1710 00054E 00054E 0
0 1711 00054F 00054F 0
0 1712 000550 000550 0
0 1713 000551 000551 0
0 1714 000552 000552 0
0 1715 000553 000553 0
0 1716 000554 000554 0
0 1717 000555 000555 0
0 1721 000556 000556 0
0 1722 000557 000557 0
0 1723 000558 000558 0
0 1727 000559 000559 0
0 1728 00055A 00055A 0
0 1729 00055B 00055B 0
0 1733 00055C 00055C 0
0 1734 00055D 00055D 0
0 1735 00055E 00055E 0
0 1739 00055F 00055F 0
0 1740 000560 000560 0
0 1741 000561 000561 0
0 1745 000562 000562 0
0 1746 000563 000563 0
0 1747 000564 000564 0
0 1751 000565 000565 0
0 1752 000566 000566 0
0 1753 000567 000567 0
0 1754 000568 000568 0
0 1758 000569 000569 0
0 1759 00056A 00056A 0
0 1760 00056B 00056B 0
0 1761 00056C 00056C 0
0 1762 00056D 00056D 0
0 1763 00056E 00056E 0
0 1764 00056F 00056F 0
0 1765 000570 000570 0
0 1766 000571 000571 0
0 1767 000572 000572 0
0 1768 000573 000573 0
0 1769 000574 000574 0
0 1770 000575 000575 0
0 1771 000576 000576 0
0 1772 000577 000577 0
0 1773 000578 000578 0
0 1774 000579 000579 0
0 1775 00057A 00057A 0
0 1776 00057B 00057B 0
0 1777 00057C 00057C 0
0 1781 00057D 00057D 0
0 1785 00057E 00057E 0
0 1786 00057F 00057F 0
0 1790 000580 000580 0
0 1791 000581 000581 0
0 1792 000582 000582 0
0 1793 000583 000583 0
0 1794 000584 000584 0
0 1795 000585 000585 0
0 1796 000586 000586 0
0 1797 000587 000587 0
0 1798 000588 000588 0
0 1799 000589 000589 0
0 1800 00058A 00058A 0
0 1801 00058B 00058B 0
0 1802 00058C 00058C 0
0 1803 00058D 00058D 0
0 1804 00058E 00058E 0
0 1805 00058F 00058F 0
0 1806 000590 000590 0
0 1807 000591 000591 0
0 1811 000592 000592 0
0 1812 000593 000593 0
0 1813 000594 000594 0
0 1817 000595 000595 0
0 1818 000596 000596 0
0 1819 000597 000597 0
0 1823 000598 000598 0
0 1824 000599 000599 0
0 1825 00059A 00059A 0
0 1829 00059B 00059B 0
0 1830 00059C 00059C 0
0 1831 00059D 00059D 0
0 1835 00059E 00059E 0
0 1836 00059F 00059F 0
0 1837 0005A0 0005A0 0
0 1841 0005A1 0005A1 0
0 1842 0005A2 0005A2 0
0 1843 0005A3 0005A3 0
0 1844 0005A4 0005A4 0
0 1848 0005A5 0005A5 0
0 1849 0005A6 0005A6 0
0 1850 0005A7 0005A7 0
0 1851 0005A8 0005A8 0
0 1852 0005A9 0005A9 0
0 1853 0005AA 0005AA 0
0 1854 0005AB 0005AB 0
0 1855 0005AC 0005AC 0
0 1856 0005AD 0005AD 0
0 1857 0005AE 0005AE 0
0 1858 0005AF 0005AF 0
0 1859 0005B0 0005B0 0
0 1860 0005B1 0005B1 0
0 1861 0005B2 0005B2 0
0 1862 0005B3 0005B3 0
0 1863 0005B4 0005B4 0
0 1864 0005B5 0005B5 0
0 1865 0005B6 0005B6 0
0 1866 0005B7 0005B7 0
0 1867 0005B8 0005B8 0
0 1871 0005B9 0005B9 0
0 1875 0005BA 0005BA 0
0 1876 0005BB 0005BB 0
0 1877 0005BC 0005BC 0
0 1881 0005BD 0005BD 0
0 1882 0005BE 0005BE 0
0 1886 0005BF 0005BF 0
0 1887 0005C0 0005C0 0
0 1888 0005C1 0005C1 0
0 1892 0005C2 0005C2 0
0 1893 0005C3 0005C3 0
0 1894 0005C4 0005C4 0
0 1898 0005C5 0005C5 0
0 1899 0005C6 0005C6 0
0 1900 0005C7 0005C7 0
0 1901 0005C8 0005C8 0
0 1902 0005C9 0005C9 0
0 1903 0005CA 0005CA 0
0 1904 0005CB 0005CB 0
0 1905 0005CC 0005CC 0
0 1906 0005CD 0005CD 0
0 1907 0005CE 0005CE 0
0 1908 0005CF 0005CF 0
0 1912 0005D0 0005D0 0
0 1913 0005D1 0005D1 0
0 1914 0005D2 0005D2 0
0 1915 0005D3 0005D3 0
0 1916 0005D4 0005D4 0
0 1917 0005D5 0005D5 0
0 1918 0005D6 0005D6 0
0 1919 0005D7 0005D7 0
0 1920 0005D8 0005D8 0
0 1921 0005D9 0005D9 0
0 1922 0005DA 0005DA 0
0 1923 0005DB 0005DB 0
0 1924 0005DC 0005DC 0
0 1925 0005DD 0005DD 0
0 1926 0005DE 0005DE 0
0 1927 0005DF 0005DF 0
0 1928 0005E0 0005E0 0
0 1929 0005E1 0005E1 0
0 1933 0005E2 0005E2 0
0 1934 0005E3 0005E3 0
0 1935 0005E4 0005E4 0
0 1936 0005E5 0005E5 0
0 1937 0005E6 0005E6 0
0 1938 0005E7 0005E7 0
0 1942 0005E8 0005E8 0
0 1943 0005E9 0005E9 0
0 1944 0005EA 0005EA 0
0 1945 0005EB 0005EB 0
0 1946 0005EC 0005EC 0
0 1947 0005ED 0005ED 0
0 1951 0005EE 0005EE 0
0 1952 0005EF 0005EF 0
0 1953 0005F0 0005F0 0
0 1954 0005F1 0005F1 0
0 1955 0005F2 0005F2 0
0 1956 0005F3 0005F3 0
0 1960 0005F4 0005F4 0
0 1961 0005F5 0005F5 0
0 1962 0005F6 0005F6 0
0 1963 0005F7 0005F7 0
0 1964 0005F8 0005F8 0
0 1965 0005F9 0005F9 0
0 1966 0005FA 0005FA 0
0 1967 0005FB 0005FB 0
0 1968 0005FC 0005FC 0
0 1969 0005FD 0005FD 0
0 1970 0005FE 0005FE 0
0 1974 0005FF 0005FF 0
0 1978 000600 000600 0
0 1979 000601 000601 0
0 1980 000602 000602 0
0 1981 000603 000603 0
0 1982 000604 000604 0
0 1983 000605 000605 0
0 1984 000606 000606 0
0 1985 000607 000607 0
0 1986 000608 000608 0
0 1987 000609 000609 0
0 1988 00060A 00060A 0
0 1992 00060B 00060B 0
0 1993 00060C 00060C 0
0 1994 00060D 00060D 0
0 1995 00060E 00060E 0
0 1996 00060F 00060F 0
0 1997 000610 000610 0
0 1998 000611 000611 0
0 2002 000612 000612 0
0 2003 000613 000613 0
0 2004 000614 000614 0
0 2005 000615 000615 0
0 2006 000616 000616 0
0 2007 000617 000617 0
0 2008 000618 000618 0
0 2009 000619 000619 0
0 2013 00061A 00061A 0
0 2014 00061B 00061B 0
0 2015 00061C 00061C 0
0 2016 00061D 00061D 0
0 2017 00061E 00061E 0
0 2018 00061F 00061F 0
0 2019 000620 000620 0
0 2020 000621 000621 0
0 2021 000622 000622 0
0 2022 000623 000623 0
0 2023 000624 000624 0
0 2024 000625 000625 0
0 2025 000626 000626 0
0 2026 000627 000627 0
0 2027 000628 000628 0
0 2028 000629 000629 0
0 2029 00062A 00062A 0
0 2033 00062B 00062B 0
0 2034 00062C 00062C 0
0 2038 00062D 00062D 0
0 2039 00062E 00062E 0
0 2043 00062F 00062F 0
0 2044 000630 000630 0
0 2048 000631 000631 0
0 2049 000632 000632 0
0 2050 000633 000633 0
0 2051 000634 000634 0
0 2052 000635 000635 0
0 2056 000636 000636 0
0 2057 000637 000637 0
0 2058 000638 000638 0
0 2059 000639 000639 0
0 2060 00063A 00063A 0
0 2064 00063B 00063B 0
0 2068 00063C 00063C 0
0 2069 00063D 00063D 0
0 2070 00063E 00063E 0
0 2071 00063F 00063F 0
0 2072 000640 000640 0
0 2073 000641 000641 0
0 2077 000642 000642 0
0 2078 000643 000643 0
0 2079 000644 000644 0
0 2080 000645 000645 0
0 2081 000646 000646 0
0 2082 000647 000647 0
0 2083 000648 000648 0
0 2084 000649 000649 0
0 2088 00064A 00064A 0
0 2089 00064B 00064B 0
0 2090 00064C 00064C 0
0 2091 00064D 00064D 0
0 2092 00064E 00064E 0
0 2093 00064F 00064F 0
0 2094 000650 000650 0
0 2095 000651 000651 0
0 2099 000652 000652 0
0 2100 000653 000653 0
0 2101 000654 000654 0
0 2102 000655 000655 0
0 2103 000656 000656 0
0 2107 000657 000657 0
0 2108 000658 000658 0
0 2109 000659 000659 0
0 2113 00065A 00065A 0
0 2114 00065B 00065B 0
0 2115 00065C 00065C 0
0 2116 00065D 00065D 0
0 2117 00065E 00065E 0
0 2118 00065F 00065F 0
0 2119 000660 000660 0
0 2120 000661 000661 0
0 2121 000662 000662 0
0 2122 000663 000663 0
0 2123 000664 000664 0
0 2124 000665 000665 0
0 2125 000666 000666 0
0 2129 000667 000667 0
0 2130 000668 000668 0
0 2131 000669 000669 0
0 2132 00066A 00066A 0
0 2133 00066B 00066B 0
0 2134 00066C 00066C 0
0 2138 00066D 00066D 0
0 2139 00066E 00066E 0
0 2143 00066F 00066F 0
0 2144 000670 000670 0
0 2145 000671 000671 0
0 2146 000672 000672 0
0 2147 000673 000673 0
0 2148 000674 000674 0
0 2152 000675 000675 0
0 2153 000676 000676 0
0 2157 000677 000677 0
0 2158 000678 000678 0
0 2159 000679 000679 0
0 2160 00067A 00067A 0
0 2161 00067B 00067B 0
0 2162 00067C 00067C 0
0 2163 00067D 00067D 0
0 2164 00067E 00067E 0
0 2165 00067F 00067F 0
0 2166 000680 000680 0
0 2167 000681 000681 0
0 2168 000682 000682 0
0 2169 000683 000683 0
0 2170 000684 000684 0
0 2171 000685 000685 0
0 2172 000686 000686 0
0 2173 000687 000687 0
0 2174 000688 000688 0
0 2175 000689 000689 0
0 2176 00068A 00068A 0
0 2177 00068B 00068B 0
0 2181 00068C 00068C 0
0 2182 00068D 00068D 0
0 2183 00068E 00068E 0
0 2184 00068F 00068F 0
0 2188 000690 000690 0
0 2189 000691 000691 0
0 2190 000692 000692 0
0 2191 000693 000693 0
0 2192 000694 000694 0
0 2193 000695 000695 0
0 2194 000696 000696 0
0 2195 000697 000697 0
0 2196 000698 000698 0
0 2197 000699 000699 0
0 2198 00069A 00069A 0
0 2199 00069B 00069B 0
0 2203 00069C 00069C 0
0 2204 00069D 00069D 0
0 2205 00069E 00069E 0
0 2206 00069F 00069F 0
0 2207 0006A0 0006A0 0
0 2208 0006A1 0006A1 0
0 2209 0006A2 0006A2 0
0 2210 0006A3 0006A3 0
0 2211 0006A4 0006A4 0
0 2212 0006A5 0006A5 0
0 2213 0006A6 0006A6 0
0 2217 0006A7 0006A7 0
0 2218 0006A8 0006A8 0
0 2219 0006A9 0006A9 0
0 2220 0006AA 0006AA 0
0 2221 0006AB 0006AB 0
0 2222 0006AC 0006AC 0
0 2223 0006AD 0006AD 0
0 2224 0006AE 0006AE 0
0 2225 0006AF 0006AF 0
0 2226 0006B0 0006B0 0
0 2230 0006B1 0006B1 0
0 2234 0006B2 0006B2 0
0 2235 0006B3 0006B3 0
0 2236 0006B4 0006B4 0
0 2237 0006B5 0006B5 0
0 2238 0006B6 0006B6 0
0 2242 0006B7 0006B7 0
0 2246 0006B8 0006B8 0
0 2247 0006B9 0006B9 0
0 2248 0006BA 0006BA 0
0 2249 0006BB 0006BB 0
0 2250 0006BC 0006BC 0
0 2251 0006BD 0006BD 0
0 2252 0006BE 0006BE 0
0 2253 0006BF 0006BF 0
0 2254 0006C0 0006C0 0
0 2255 0006C1 0006C1 0
0 2256 0006C2 0006C2 0
0 2257 0006C3 0006C3 0
0 2258 0006C4 0006C4 0
0 2259 0006C5 0006C5 0
0 2260 0006C6 0006C6 0
0 2261 0006C7 0006C7 0
0 2262 0006C8 0006C8 0
0 2266 0006C9 0006C9 0
0 2267 0006CA 0006CA 0
0 2268 0006CB 0006CB 0
0 2269 0006CC 0006CC 0
0 2270 0006CD 0006CD 0
0 2271 0006CE 0006CE 0
0 2272 0006CF 0006CF 0
0 2273 0006D0 0006D0 0
0 2274 0006D1 0006D1 0
0 2275 0006D2 0006D2 0
0 2276 0006D3 0006D3 0
0 2280 0006D4 0006D4 0
0 2281 0006D5 0006D5 0
0 2285 0006D6 0006D6 0
0 2286 0006D7 0006D7 0
0 2287 0006D8 0006D8 0
0 2291 0006D9 0006D9 0
0 2292 0006DA 0006DA 0
0 2293 0006DB 0006DB 0
0 2294 0006DC 0006DC 0
0 2295 0006DD 0006DD 0
0 2296 0006DE 0006DE 0
0 2297 0006DF 0006DF 0
0 2298 0006E0 0006E0 0
0 2299 0006E1 0006E1 0
0 2303 0006E2 0006E2 0
0 2304 0006E3 0006E3 0
0 2305 0006E4 0006E4 0
0 2306 0006E5 0006E5 0
0 2307 0006E6 0006E6 0
0 2311 0006E7 0006E7 0
0 2315 0006E8 0006E8 0
0 2316 0006E9 0006E9 0
0 2320 0006EA 0006EA 0
0 2324 0006EB 0006EB 0
0 2325 0006EC 0006EC 0
0 2329 0006ED 0006ED 0
0 2330 0006EE 0006EE 0
0 2334 0006EF 0006EF 0
0 2335 0006F0 0006F0 0
0 2336 0006F1 0006F1 0
0 2337 0006F2 0006F2 0
0 2338 0006F3 0006F3 0
0 2339 0006F4 0006F4 0
0 2340 0006F5 0006F5 0
0 2341 0006F6 0006F6 0
0 2342 0006F7 0006F7 0
0 2343 0006F8 0006F8 0
0 2344 0006F9 0006F9 0
0 2345 0006FA 0006FA 0
0 2349 0006FB 0006FB 0
0 2350 0006FC 0006FC 0
0 2351 0006FD 0006FD 0
0 2352 0006FE 0006FE 0
0 2353 0006FF 0006FF 0
0 2357 000700 000700 0
0 2358 000701 000701 0
0 2359 000702 000702 0
0 2360 000703 000703 0
0 2361 000704 000704 0
0 2362 000705 000705 0
0 2363 000706 000706 0
0 2364 000707 000707 0
0 2365 000708 000708 0
0 2366 000709 000709 0
0 2370 00070A 00070A 0
0 2371 00070B 00070B 0
0 2372 00070C 00070C 0
0 2373 00070D 00070D 0
0 2374 00070E 00070E 0
0 2375 00070F 00070F 0
0 2376 000710 000710 0
0 2377 000711 000711 0
0 2378 000712 000712 0
0 2379 000713 000713 0
0 2380 000714 000714 0
0 2381 000715 000715 0
0 2382 000716 000716 0
0 2383 000717 000717 0
0 2384 000718 000718 0
0 2385 000719 000719 0
0 2386 00071A 00071A 0
0 2387 00071B 00071B 0
0 2388 00071C 00071C 0
0 2389 00071D 00071D 0
0 2390 00071E 00071E 0
0 2391 00071F 00071F 0
0 2392 000720 000720 0
0 2393 000721 000721 0
0 2394 000722 000722 0
0 2395 000723 000723 0
0 2396 000724 000724 0
0 2397 000725 000725 0
0 2398 000726 000726 0
0 2399 000727 000727 0
0 2400 000728 000728 0
0 2401 000729 000729 0
0 2402 00072A 00072A 0
0 2403 00072B 00072B 0
0 2404 00072C 00072C 0
0 2405 00072D 00072D 0
0 2406 00072E 00072E 0
0 2407 00072F 00072F 0
0 2408 000730 000730 0
0 2409 000731 000731 0
0 2410 000732 000732 0
0 2411 000733 000733 0
0 2412 000734 000734 0
0 2413 000735 000735 0
0 2414 000736 000736 0
0 2415 000737 000737 0
0 2416 000738 000738 0
0 2417 000739 000739 0
0 2418 00073A 00073A 0
0 2419 00073B 00073B 0
0 2420 00073C 00073C 0
0 2421 00073D 00073D 0
0 2422 00073E 00073E 0
0 2423 00073F 00073F 0
0 2424 000740 000740 0
0 2425 000741 000741 0
0 2426 000742 000742 0
0 2427 000743 000743 0
0 2428 000744 000744 0
0 2429 000745 000745 0
0 2430 000746 000746 0
0 2431 000747 000747 0
0 2432 000748 000748 0
0 2433 000749 000749 0
0 2434 00074A 00074A 0
0 2435 00074B 00074B 0
0 2436 00074C 00074C 0
0 2437 00074D 00074D 0
0 2438 00074E 00074E 0
0 2439 00074F 00074F 0
0 2440 000750 000750 0
0 2441 000751 000751 0
0 2442 000752 000752 0
0 2443 000753 000753 0
0 2444 000754 000754 0
0 2445 000755 000755 0
0 2446 000756 000756 0
0 2447 000757 000757 0
0 2448 000758 000758 0
0 2449 000759 000759 0
0 2450 00075A 00075A 0
0 2451 00075B 00075B 0
0 2452 00075C 00075C 0
0 2453 00075D 00075D 0
0 2454 00075E 00075E 0
0 2455 00075F 00075F 0
0 2456 000760 000760 0
0 2457 000761 000761 0
0 2458 000762 000762 0
0 2459 000763 000763 0
0 2460 000764 000764 0
0 2461 000765 000765 0
0 2462 000766 000766 0
0 2463 000767 000767 0
0 2464 000768 000768 0
0 2465 000769 000769 0
0 2466 00076A 00076A 0
0 2467 00076B 00076B 0
0 2468 00076C 00076C 0
0 2469 00076D 00076D 0
0 2470 00076E 00076E 0
0 2471 00076F 00076F 0
0 2472 000770 000770 0
0 2473 000771 000771 0
0 2474 000772 000772 0
0 2475 000773 000773 0
0 2476 000774 000774 0
0 2477 000775 000775 0
0 2478 000776 000776 0
0 2479 000777 000777 0
0 2480 000778 000778 0
0 2481 000779 000779 0
0 2482 00077A 00077A 0
0 2483 00077B 00077B 0
0 2484 00077C 00077C 0
0 2485 00077D 00077D 0
0 2486 00077E 00077E 0
0 2487 00077F 00077F 0
0 2488 000780 000780 0
0 2489 000781 000781 0
0 2490 000782 000782 0
0 2491 000783 000783 0
0 2492 000784 000784 0
0 2493 000785 000785 0
0 2494 000786 000786 0
0 2495 000787 000787 0
0 2496 000788 000788 0
0 2497 000789 000789 0
0 2498 00078A 00078A 0
0 2499 00078B 00078B 0
0 2500 00078C 00078C 0
0 2501 00078D 00078D 0
0 2502 00078E 00078E 0
0 2503 00078F 00078F 0
0 2504 000790 000790 0
0 2505 000791 000791 0
0 2506 000792 000792 0
0 2507 000793 000793 0
0 2508 000794 000794 0
0 2509 000795 000795 0
0 2510 000796 000796 0
0 2511 000797 000797 0
0 2512 000798 000798 0
0 2513 000799 000799 0
0 2514 00079A 00079A 0
0 2515 00079B 00079B 0
0 2516 00079C 00079C 0
0 2517 00079D 00079D 0
0 2518 00079E 00079E 0
0 2519 00079F 00079F 0
0 2520 0007A0 0007A0 0
0 2521 0007A1 0007A1 0
0 2522 0007A2 0007A2 0
0 2523 0007A3 0007A3 0
0 2524 0007A4 0007A4 0
0 2525 0007A5 0007A5 0
0 2526 0007A6 0007A6 0
0 2527 0007A7 0007A7 0
0 2528 0007A8 0007A8 0
0 2529 0007A9 0007A9 0
0 2530 0007AA 0007AA 0
0 2531 0007AB 0007AB 0
0 2532 0007AC 0007AC 0
0 2533 0007AD 0007AD 0
0 2534 0007AE 0007AE 0
0 2535 0007AF 0007AF 0
0 2536 0007B0 0007B0 0
0 2537 0007B1 0007B1 0
0 2538 0007B2 0007B2 0
0 2539 0007B3 0007B3 0
0 2540 0007B4 0007B4 0
0 2541 0007B5 0007B5 0
0 2542 0007B6 0007B6 0
0 2543 0007B7 0007B7 0
0 2544 0007B8 0007B8 0
0 2545 0007B9 0007B9 0
0 2546 0007BA 0007BA 0
0 2547 0007BB 0007BB 0
0 2548 0007BC 0007BC 0
0 2549 0007BD 0007BD 0
0 2550 0007BE 0007BE 0
0 2551 0007BF 0007BF 0
0 2552 0007C0 0007C0 0
0 2553 0007C1 0007C1 0
0 2554 0007C2 0007C2 0
0 2555 0007C3 0007C3 0
0 2556 0007C4 0007C4 0
0 2557 0007C5 0007C5 0
0 2558 0007C6 0007C6 0
0 2559 0007C7 0007C7 0
0 2560 0007C8 0007C8 0
0 2561 0007C9 0007C9 0
0 2562 0007CA 0007CA 0
0 2563 0007CB 0007CB 0
0 2564 0007CC 0007CC 0
0 2565 0007CD 0007CD 0
0 2566 0007CE 0007CE 0
0 2567 0007CF 0007CF 0
0 2568 0007D0 0007D0 0
0 2569 0007D1 0007D1 0
0 2570 0007D2 0007D2 0
0 2571 0007D3 0007D3 0
0 2572 0007D4 0007D4 0
0 2573 0007D5 0007D5 0
0 2574 0007D6 0007D6 0
0 2575 0007D7 0007D7 0
0 2576 0007D8 0007D8 0
0 2577 0007D9 0007D9 0
0 2578 0007DA 0007DA 0
0 2579 0007DB 0007DB 0
0 2580 0007DC 0007DC 0
0 2581 0007DD 0007DD 0
0 2582 0007DE 0007DE 0
0 2583 0007DF 0007DF 0
0 2584 0007E0 0007E0 0
0 2585 0007E1 0007E1 0
0 2586 0007E2 0007E2 0
0 2587 0007E3 0007E3 0
0 2588 0007E4 0007E4 0
0 2589 0007E5 0007E5 0
0 2590 0007E6 0007E6 0
0 2591 0007E7 0007E7 0
0 2592 0007E8 0007E8 0
0 2593 0007E9 0007E9 0
0 2594 0007EA 0007EA 0
0 2595 0007EB 0007EB 0
0 2596 0007EC 0007EC 0
0 2597 0007ED 0007ED 0
0 2598 0007EE 0007EE 0
0 2599 0007EF 0007EF 0
0 2600 0007F0 0007F0 0
0 2601 0007F1 0007F1 0
0 2602 0007F2 0007F2 0
0 2603 0007F3 0007F3 0
0 2604 0007F4 0007F4 0
0 2605 0007F5 0007F5 0
0 2606 0007F6 0007F6 0
0 2607 0007F7 0007F7 0
0 2608 0007F8 0007F8 0
0 2609 0007F9 0007F9 0
0 2610 0007FA 0007FA 0
0 2611 0007FB 0007FB 0
0 2612 0007FC 0007FC 0
0 2613 0007FD 0007FD 0
0 2614 0007FE 0007FE 0
0 2615 0007FF 0007FF 0
0 2616 000800 000800 0
0 2617 000801 000801 0
0 2618 000802 000802 0
0 2619 000803 000803 0
0 2620 000804 000804 0
0 2621 000805 000805 0
0 2622 000806 000806 0
0 2623 000807 000807 0
0 2624 000808 000808 0
0 2625 000809 000809 0
0 2626 00080A 00080A 0
0 2627 00080B 00080B 0
0 2628 00080C 00080C 0
0 2629 00080D 00080D 0
0 2630 00080E 00080E 0
0 2631 00080F 00080F 0
0 2632 000810 000810 0
0 2633 000811 000811 0
0 2634 000812 000812 0
0 2635 000813 000813 0
0 2636 000814 000814 0
0 2637 000815 000815 0
0 2638 000816 000816 0
0 2639 000817 000817 0
0 2640 000818 000818 0
0 2641 000819 000819 0
0 2642 00081A 00081A 0
0 2643 00081B 00081B 0
0 2644 00081C 00081C 0
0 2645 00081D 00081D 0
0 2646 00081E 00081E 0
0 2647 00081F 00081F 0
0 2648 000820 000820 0
0 2649 000821 000821 0
0 2650 000822 000822 0
0 2651 000823 000823 0
0 2652 000824 000824 0
0 2653 000825 000825 0
0 2654 000826 000826 0
0 2655 000827 000827 0
0 2656 000828 000828 0
0 2657 000829 000829 0
0 2658 00082A 00082A 0
0 2659 00082B 00082B 0
0 2660 00082C 00082C 0
0 2661 00082D 00082D 0
0 2662 00082E 00082E 0
0 2663 00082F 00082F 0
0 2664 000830 000830 0
0 2665 000831 000831 0
0 2666 000832 000832 0
0 2667 000833 000833 0
0 2668 000834 000834 0
0 2669 000835 000835 0
0 2670 000836 000836 0
0 2671 000837 000837 0
0 2672 000838 000838 0
0 2673 000839 000839 0
0 2674 00083A 00083A 0
0 2675 00083B 00083B 0
0 2676 00083C 00083C 0
0 2677 00083D 00083D 0
0 2678 00083E 00083E 0
0 2679 00083F 00083F 0
0 2680 000840 000840 0
0 2681 000841 000841 0
0 2682 000842 000842 0
0 2683 000843 000843 0
0 2684 000844 000844 0
0 2685 000845 000845 0
0 2686 000846 000846 0
0 2687 000847 000847 0
0 2688 000848 000848 0
0 2689 000849 000849 0
0 2690 00084A 00084A 0
0 2691 00084B 00084B 0
0 2692 00084C 00084C 0
0 2693 00084D 00084D 0
0 2694 00084E 00084E 0
0 2695 00084F 00084F 0
0 2696 000850 000850 0
0 2697 000851 000851 0
0 2698 000852 000852 0
0 2699 000853 000853 0
0 2700 000854 000854 0
0 2701 000855 000855 0
0 2702 000856 000856 0
0 2703 000857 000857 0
0 2704 000858 000858 0
0 2705 000859 000859 0
0 2706 00085A 00085A 0
0 2707 00085B 00085B 0
0 2708 00085C 00085C 0
0 2709 00085D 00085D 0
0 2710 00085E 00085E 0
0 2711 00085F 00085F 0
0 2712 000860 000860 0
0 2713 000861 000861 0
0 2714 000862 000862 0
0 2715 000863 000863 0
0 2716 000864 000864 0
0 2717 000865 000865 0
0 2718 000866 000866 0
0 2719 000867 000867 0
0 2720 000868 000868 0
0 2721 000869 000869 0
0 2722 00086A 00086A 0
0 2723 00086B 00086B 0
0 2724 00086C 00086C 0
0 2725 00086D 00086D 0
0 2726 00086E 00086E 0
0 2727 00086F 00086F 0
0 2728 000870 000870 0
0 2729 000871 000871 0
0 2730 000872 000872 0
0 2731 000873 000873 0
0 2732 000874 000874 0
0 2733 000875 000875 0
0 2734 000876 000876 0
0 2735 000877 000877 0
0 2736 000878 000878 0
0 2737 000879 000879 0
0 2738 00087A 00087A 0
0 2739 00087B 00087B 0
0 2740 00087C 00087C 0
0 2741 00087D 00087D 0
0 2742 00087E 00087E 0
0 2743 00087F 00087F 0
0 2744 000880 000880 0
0 2745 000881 000881 0
0 2746 000882 000882 0
0 2747 000883 000883 0
0 2748 000884 000884 0
0 2749 000885 000885 0
0 2750 000886 000886 0
0 2751 000887 000887 0
0 2752 000888 000888 0
0 2753 000889 000889 0
0 2754 00088A 00088A 0
0 2755 00088B 00088B 0
0 2756 00088C 00088C 0
0 2757 00088D 00088D 0
0 2758 00088E 00088E 0
0 2759 00088F 00088F 0
0 2760 000890 000890 0
0 2761 000891 000891 0
0 2762 000892 000892 0
0 2763 000893 000893 0
0 2764 000894 000894 0
0 2765 000895 000895 0
0 2766 000896 000896 0
0 2767 000897 000897 0
0 2768 000898 000898 0
0 2769 000899 000899 0
0 2770 00089A 00089A 0
0 2771 00089B 00089B 0
0 2772 00089C 00089C 0
0 2773 00089D 00089D 0
0 2774 00089E 00089E 0
0 2775 00089F 00089F 0
0 2776 0008A0 0008A0 0
0 2777 0008A1 0008A1 0
0 2778 0008A2 0008A2 0
0 2779 0008A3 0008A3 0
0 2780 0008A4 0008A4 0
0 2781 0008A5 0008A5 0
0 2782 0008A6 0008A6 0
0 2783 0008A7 0008A7 0
0 2784 0008A8 0008A8 0
0 2785 0008A9 0008A9 0
0 2786 0008AA 0008AA 0
0 2787 0008AB 0008AB 0
0 2788 0008AC 0008AC 0
0 2789 0008AD 0008AD 0
0 2790 0008AE 0008AE 0
0 2791 0008AF 0008AF 0
0 2792 0008B0 0008B0 0
0 2793 0008B1 0008B1 0
0 2794 0008B2 0008B2 0
0 2795 0008B3 0008B3 0
0 2796 0008B4 0008B4 0
0 2797 0008B5 0008B5 0
0 2798 0008B6 0008B6 0
0 2799 0008B7 0008B7 0
0 2800 0008B8 0008B8 0
0 2801 0008B9 0008B9 0
0 2802 0008BA 0008BA 0
0 2803 0008BB 0008BB 0
0 2804 0008BC 0008BC 0
0 2805 0008BD 0008BD 0
0 2806 0008BE 0008BE 0
0 2807 0008BF 0008BF 0
0 2811 000AA0 000AA0 0
0 2812 000AA1 000AA1 0
0 2813 000AA2 000AA2 0
0 2814 000AA3 000AA3 0
0 2815 000AA4 000AA4 0
0 2816 000AA5 000AA5 0
0 2817 000AA6 000AA6 0
0 2818 000AA7 000AA7 0
0 2819 000AA8 000AA8 0
0 2820 000AA9 000AA9 0
0 2821 000AAA 000AAA 0
0 2822 000AAB 000AAB 0
0 2823 000AAC 000AAC 0
0 2824 000AAD 000AAD 0
0 2825 000AAE 000AAE 0
0 2826 000AAF 000AAF 0
0 2830 000AB0 000AB0 0
0 2834 000AB1 000AB1 0
0 2835 000AB2 000AB2 0
0 2836 000AB3 000AB3 0
0 2837 000AB4 000AB4 0
0 2838 000AB5 000AB5 0
0 2839 000AB6 000AB6 0
0 2840 000AB7 000AB7 0
0 2844 000AB8 000AB8 0
0 2845 000AB9 000AB9 0
0 2846 000ABA 000ABA 0
0 2847 000ABB 000ABB 0
0 2848 000ABC 000ABC 0
0 2849 000ABD 000ABD 0
0 2850 000ABE 000ABE 0
0 2851 000ABF 000ABF 0
0 2852 000AC0 000AC0 0
0 2853 000AC1 000AC1 0
0 2854 000AC2 000AC2 0
0 2855 000AC3 000AC3 0
0 2856 000AC4 000AC4 0
0 2857 000AC5 000AC5 0
0 2858 000AC6 000AC6 0
0 2862 000AC7 000AC7 0
0 2863 000AC8 000AC8 0
0 2864 000AC9 000AC9 0
0 2868 000ACA 000ACA 0
0 2869 000ACB 000ACB 0
0 2870 000ACC 000ACC 0
0 2871 000ACD 000ACD 0
0 2872 000ACE 000ACE 0
0 2873 000ACF 000ACF 0
0 2874 000AD0 000AD0 0
0 2875 000AD1 000AD1 0
0 2879 000AD2 000AD2 0
0 2880 000AD3 000AD3 0
0 2884 000AD4 000AD4 0
0 2885 000AD5 000AD5 0
0 2886 000AD6 000AD6 0
0 2887 000AD7 000AD7 0
0 2888 000AD8 000AD8 0
0 2889 000AD9 000AD9 0
0 2890 000ADA 000ADA 0
0 2891 000ADB 000ADB 0
0 2895 000ADC 000ADC 0
0 2896 000ADD 000ADD 0
0 2897 000ADE 000ADE 0
0 2901 000ADF 000ADF 0
0 2902 000AE0 000AE0 0
0 2903 000AE1 000AE1 0
0 2904 000AE2 000AE2 0
0 2905 000AE3 000AE3 0
0 2906 000AE4 000AE4 0
0 2907 000AE5 000AE5 0
0 2908 000AE6 000AE6 0
0 2912 000AE7 000AE7 0
0 2913 000AE8 000AE8 0
0 2914 000AE9 000AE9 0
0 2915 000AEA 000AEA 0
0 2919 000AEB 000AEB 0
0 2920 000AEC 000AEC 0
0 2921 000AED 000AED 0
0 2922 000AEE 000AEE 0
0 2923 000AEF 000AEF 0
0 2924 000AF0 000AF0 0
0 2925 000AF1 000AF1 0
0 2926 000AF2 000AF2 0
0 2927 000AF3 000AF3 0
0 2928 000AF4 000AF4 0
0 2929 000AF5 000AF5 0
0 2930 000AF6 000AF6 0
0 2931 000AF7 000AF7 0
0 2932 000AF8 000AF8 0
0 2933 000AF9 000AF9 0
0 2934 000AFA 000AFA 0
0 2935 000AFB 000AFB 0
0 2936 000AFC 000AFC 0
0 2937 000AFD 000AFD 0
0 2938 000AFE 000AFE 0
0 2939 000AFF 000AFF 0
0 2940 000B00 000B00 0
0 2944 000B01 000B01 0
0 2945 000B02 000B02 0
0 2946 000B03 000B03 0
0 2950 000B04 000B04 0
0 2951 000B05 000B05 0
0 2952 000B06 000B06 0
0 2953 000B07 000B07 0
0 2954 000B08 000B08 0
0 2955 000B09 000B09 0
0 2956 000B0A 000B0A 0
0 2957 000B0B 000B0B 0
0 2958 000B0C 000B0C 0
0 2959 000B0D 000B0D 0
0 2960 000B0E 000B0E 0
0 2961 000B0F 000B0F 0
0 2962 000B10 000B10 0
0 2963 000B11 000B11 0
0 2964 000B12 000B12 0
0 2965 000B13 000B13 0
0 2966 000B14 000B14 0
0 2967 000B15 000B15 0
0 2968 000B16 000B16 0
0 2969 000B17 000B17 0
0 2973 000B18 000B18 0
0 2974 000B19 000B19 0
0 2975 000B1A 000B1A 0
0 2976 000B1B 000B1B 0
0 2977 000B1C 000B1C 0
0 2978 000B1D 000B1D 0
0 2979 000B1E 000B1E 0
0 2980 000B1F 000B1F 0
0 2981 000B20 000B20 0
0 2982 000B21 000B21 0
0 2983 000B22 000B22 0
0 2984 000B23 000B23 0
0 2985 000B24 000B24 0
0 2986 000B25 000B25 0
0 2987 000B26 000B26 0
0 2988 000B27 000B27 0
0 2989 000B28 000B28 0
0 2990 000B29 000B29 0
0 2991 000B2A 000B2A 0
0 2992 000B2B 000B2B 0
0 2993 000B2C 000B2C 0
0 2994 000B2D 000B2D 0
0 2995 000B2E 000B2E 0
0 2996 000B2F 000B2F 0
0 2997 000B30 000B30 0
0 3001 000B31 000B31 0
0 3002 000B32 000B32 0
0 3003 000B33 000B33 0
0 3004 000B34 000B34 0
0 3005 000B35 000B35 0
0 3006 000B36 000B36 0
0 3007 000B37 000B37 0
0 3008 000B38 000B38 0
0 3009 000B39 000B39 0
0 3010 000B3A 000B3A 0
0 3011 000B3B 000B3B 0
0 3012 000B3C 000B3C 0
0 3016 000B3D 000B3D 0
0 3017 000B3E 000B3E 0
0 3018 000B3F 000B3F 0
0 3019 000B40 000B40 0
0 3020 000B41 000B41 0
0 3024 000B42 000B42 0
0 3025 000B43 000B43 0
0 3026 000B44 000B44 0
0 3027 000B45 000B45 0
0 3031 000B46 000B46 0
0 3032 000B47 000B47 0
0 3033 000B48 000B48 0
0 3034 000B49 000B49 0
0 3035 000B4A 000B4A 0
0 3036 000B4B 000B4B 0
0 3037 000B4C 000B4C 0
0 3038 000B4D 000B4D 0
0 3039 000B4E 000B4E 0
0 3040 000B4F 000B4F 0
0 3041 000B50 000B50 0
0 3045 000B51 000B51 0
0 3046 000B52 000B52 0
0 3047 000B53 000B53 0
0 3048 000B54 000B54 0
0 3049 000B55 000B55 0
0 3050 000B56 000B56 0
0 3051 000B57 000B57 0
0 3052 000B58 000B58 0
0 3053 000B59 000B59 0
0 3054 000B5A 000B5A 0
0 3055 000B5B 000B5B 0
0 3056 000B5C 000B5C 0
0 3057 000B5D 000B5D 0
0 3058 000B5E 000B5E 0
0 3059 000B5F 000B5F 0
0 3063 000B60 000B60 0
0 3064 000B61 000B61 0
0 3065 000B62 000B62 0
0 3069 000B63 000B63 0
0 3070 000B64 000B64 0
0 3071 000B65 000B65 0
0 3072 000B66 000B66 0
0 3073 000B67 000B67 0
0 3074 000B68 000B68 0
0 3075 000B69 000B69 0
0 3076 000B6A 000B6A 0
0 3077 000B6B 000B6B 0
0 3078 000B6C 000B6C 0
0 3079 000B6D 000B6D 0
0 3080 000B6E 000B6E 0
0 3081 000B6F 000B6F 0
0 3082 000B70 000B70 0
0 3083 000B71 000B71 0
0 3084 000B72 000B72 0
0 3088 000B73 000B73 0
0 3089 000B74 000B74 0
0 3090 000B75 000B75 0
0 3091 000B76 000B76 0
0 3092 000B77 000B77 0
0 3093 000B78 000B78 0
0 3094 000B79 000B79 0
0 3095 000B7A 000B7A 0
0 3096 000B7B 000B7B 0
0 3097 000B7C 000B7C 0
0 3098 000B7D 000B7D 0
0 3099 000B7E 000B7E 0
0 3100 000B7F 000B7F 0
0 3101 000B80 000B80 0
0 3102 000B81 000B81 0
0 3106 000B82 000B82 0
0 3107 000B83 000B83 0
0 3108 000B84 000B84 0
0 3109 000B85 000B85 0
0 3110 000B86 000B86 0
0 3111 000B87 000B87 0
0 3112 000B88 000B88 0
0 3113 000B89 000B89 0
0 3114 000B8A 000B8A 0
0 3115 000B8B 000B8B 0
0 3116 000B8C 000B8C 0
0 3120 000B8D 000B8D 0
0 3121 000B8E 000B8E 0
0 3122 000B8F 000B8F 0
0 3123 000B90 000B90 0
0 3124 000B91 000B91 0
0 3125 000B92 000B92 0
0 3126 000B93 000B93 0
0 3127 000B94 000B94 0
0 3128 000B95 000B95 0
0 3132 000B96 000B96 0
0 3133 000B97 000B97 0
0 3134 000B98 000B98 0
0 3135 000B99 000B99 0
0 3136 000B9A 000B9A 0
0 3137 000B9B 000B9B 0
0 3138 000B9C 000B9C 0
0 3139 000B9D 000B9D 0
0 3140 000B9E 000B9E 0
0 3141 000B9F 000B9F 0
0 3142 000BA0 000BA0 0
0 3143 000BA1 000BA1 0
0 3144 000BA2 000BA2 0
0 3145 000BA3 000BA3 0
0 3146 000BA4 000BA4 0
0 3147 000BA5 000BA5 0
0 3148 000BA6 000BA6 0
0 3149 000BA7 000BA7 0
0 3150 000BA8 000BA8 0
0 3154 000BA9 000BA9 0
0 3155 000BAA 000BAA 0
0 3156 000BAB 000BAB 0
0 3157 000BAC 000BAC 0
0 3158 000BAD 000BAD 0
0 3159 000BAE 000BAE 0
0 3160 000BAF 000BAF 0
0 3161 000BB0 000BB0 0
0 3162 000BB1 000BB1 0
0 3163 000BB2 000BB2 0
0 3164 000BB3 000BB3 0
0 3165 000BB4 000BB4 0
0 3166 000BB5 000BB5 0
0 3167 000BB6 000BB6 0
0 3168 000BB7 000BB7 0
0 3169 000BB8 000BB8 0
0 3170 000BB9 000BB9 0
0 3171 000BBA 000BBA 0
0 3175 000BBB 000BBB 0
0 3176 000BBC 000BBC 0
0 3177 000BBD 000BBD 0
0 3178 000BBE 000BBE 0
0 3179 000BBF 000BBF 0
0 3180 000BC0 000BC0 0
0 3184 000BC1 000BC1 0
0 3185 000BC2 000BC2 0
0 3186 000BC3 000BC3 0
0 3187 000BC4 000BC4 0
0 3188 000BC5 000BC5 0
0 3189 000BC6 000BC6 0
0 3190 000BC7 000BC7 0
0 3191 000BC8 000BC8 0
0 3192 000BC9 000BC9 0
0 3193 000BCA 000BCA 0
0 3194 000BCB 000BCB 0
0 3195 000BCC 000BCC 0
0 3196 000BCD 000BCD 0
0 3197 000BCE 000BCE 0
0 3201 000BCF 000BCF 0
0 3202 000BD0 000BD0 0
0 3203 000BD1 000BD1 0
0 3204 000BD2 000BD2 0
0 3205 000BD3 000BD3 0
0 3206 000BD4 000BD4 0
0 3207 000BD5 000BD5 0
0 3208 000BD6 000BD6 0
0 3209 000BD7 000BD7 0
0 3213 000BD8 000BD8 0
0 3214 000BD9 000BD9 0
0 3215 000BDA 000BDA 0
0 3216 000BDB 000BDB 0
0 3217 000BDC 000BDC 0
0 3218 000BDD 000BDD 0
0 3219 000BDE 000BDE 0
0 3220 000BDF 000BDF 0
0 3221 000BE0 000BE0 0
0 3222 000BE1 000BE1 0
0 3223 000BE2 000BE2 0
0 3224 000BE3 000BE3 0
0 3225 000BE4 000BE4 0
0 3226 000BE5 000BE5 0
0 3227 000BE6 000BE6 0
0 3228 000BE7 000BE7 0
0 3229 000BE8 000BE8 0
0 3230 000BE9 000BE9 0
0 3231 000BEA 000BEA 0
0 3232 000BEB 000BEB 0
0 3233 000BEC 000BEC 0
0 3234 000BED 000BED 0
0 3235 000BEE 000BEE 0
0 3236 000BEF 000BEF 0
0 3237 000BF0 000BF0 0
0 3238 000BF1 000BF1 0
0 3239 000BF2 000BF2 0
0 3240 000BF3 000BF3 0
0 3241 000BF4 000BF4 0
0 3242 000BF5 000BF5 0
0 3243 000BF6 000BF6 0
0 3244 000BF7 000BF7 0
0 3245 000BF8 000BF8 0
0 3246 000BF9 000BF9 0
0 3247 000BFA 000BFA 0
0 3248 000BFB 000BFB 0
0 3249 000BFC 000BFC 0
0 3250 000BFD 000BFD 0
0 3251 000BFE 000BFE 0
0 3252 000BFF 000BFF 0
0 3253 000C00 000C00 0
0 3257 000C01 000C01 0
0 3258 000C02 000C02 0
0 3259 000C03 000C03 0
0 3260 000C04 000C04 0
0 3261 000C05 000C05 0
0 3262 000C06 000C06 0
0 3263 000C07 000C07 0
0 3264 000C08 000C08 0
0 3265 000C09 000C09 0
0 3266 000C0A 000C0A 0
0 3267 000C0B 000C0B 0
0 3271 000C0C 000C0C 0
0 3272 000C0D 000C0D 0
0 3273 000C0E 000C0E 0
0 3274 000C0F 000C0F 0
0 3275 000C10 000C10 0
0 3276 000C11 000C11 0
0 3277 000C12 000C12 0
0 3278 000C13 000C13 0
0 3279 000C14 000C14 0
0 3280 000C15 000C15 0
0 3281 000C16 000C16 0
0 3282 000C17 000C17 0
0 3283 000C18 000C18 0
0 3284 000C19 000C19 0
0 3285 000C1A 000C1A 0
0 3286 000C1B 000C1B 0
0 3287 000C1C 000C1C 0
0 3288 000C1D 000C1D 0
0 3289 000C1E 000C1E 0
0 3290 000C1F 000C1F 0
0 3291 000C20 000C20 0
0 3292 000C21 000C21 0
0 3296 000C22 000C22 0
0 3297 000C23 000C23 0
0 3298 000C24 000C24 0
0 3299 000C25 000C25 0
0 3300 000C26 000C26 0
0 3301 000C27 000C27 0
0 3302 000C28 000C28 0
0 3303 000C29 000C29 0
0 3304 000C2A 000C2A 0
0 3305 000C2B 000C2B 0
0 3306 000C2C 000C2C 0
0 3307 000C2D 000C2D 0
0 3308 000C2E 000C2E 0
0 3309 000C2F 000C2F 0
0 3310 000C30 000C30 0
0 3311 000C31 000C31 0
0 3312 000C32 000C32 0
0 3313 000C33 000C33 0
0 3314 000C34 000C34 0
0 3315 000C35 000C35 0
0 3316 000C36 000C36 0
0 3317 000C37 000C37 0
0 3318 000C38 000C38 0
0 3319 000C39 000C39 0
0 3320 000C3A 000C3A 0
0 3321 000C3B 000C3B 0
0 3322 000C3C 000C3C 0
0 3323 000C3D 000C3D 0
0 3324 000C3E 000C3E 0
0 3325 000C3F 000C3F 0
0 3326 000C40 000C40 0
0 3327 000C41 000C41 0
0 3328 000C42 000C42 0
0 3329 000C43 000C43 0
0 3330 000C44 000C44 0
0 3331 000C45 000C45 0
0 3332 000C46 000C46 0
0 3333 000C47 000C47 0
0 3334 000C48 000C48 0
0 3335 000C49 000C49 0
0 3336 000C4A 000C4A 0
0 3337 000C4B 000C4B 0
0 3338 000C4C 000C4C 0
0 3339 000C4D 000C4D 0
0 3340 000C4E 000C4E 0
0 3341 000C4F 000C4F 0
0 3342 000C50 000C50 0
0 3343 000C51 000C51 0
0 3344 000C52 000C52 0
0 3345 000C53 000C53 0
0 3346 000C54 000C54 0
0 3350 000C55 000C55 0
0 3354 000C56 000C56 0
0 3355 000C57 000C57 0
0 3356 000C58 000C58 0
0 3357 000C59 000C59 0
0 3358 000C5A 000C5A 0
0 3359 000C5B 000C5B 0
0 3360 000C5C 000C5C 0
0 3361 000C5D 000C5D 0
0 3362 000C5E 000C5E 0
0 3363 000C5F 000C5F 0
0 3364 000C60 000C60 0
0 3365 000C61 000C61 0
0 3366 000C62 000C62 0
0 3367 000C63 000C63 0
0 3368 000C64 000C64 0
0 3369 000C65 000C65 0
0 3370 000C66 000C66 0
0 3371 000C67 000C67 0
0 3372 000C68 000C68 0
0 3373 000C69 000C69 0
0 3374 000C6A 000C6A 0
0 3375 000C6B 000C6B 0
0 3376 000C6C 000C6C 0
0 3377 000C6D 000C6D 0
0 3378 000C6E 000C6E 0
0 3379 000C6F 000C6F 0
0 3383 000C70 000C70 0
0 3384 000C71 000C71 0
0 3385 000C72 000C72 0
0 3386 000C73 000C73 0
0 3387 000C74 000C74 0
0 3388 000C75 000C75 0
0 3392 000C76 000C76 0
0 3393 000C77 000C77 0
0 3394 000C78 000C78 0
0 3398 000C79 000C79 0
0 3399 000C7A 000C7A 0
0 3400 000C7B 000C7B 0
0 3404 000C7C 000C7C 0
0 3405 000C7D 000C7D 0
0 3406 000C7E 000C7E 0
0 3407 000C7F 000C7F 0
0 3408 000C80 000C80 0
0 3409 000C81 000C81 0
0 3410 000C82 000C82 0
0 3414 000C83 000C83 0
0 3415 000C84 000C84 0
0 3416 000C85 000C85 0
0 3417 000C86 000C86 0
0 3421 000C87 000C87 0
0 3422 000C88 000C88 0
0 3423 000C89 000C89 0
0 3424 000C8A 000C8A 0
0 3425 000C8B 000C8B 0
0 3426 000C8C 000C8C 0
0 3427 000C8D 000C8D 0
0 3428 000C8E 000C8E 0
0 3429 000C8F 000C8F 0
0 3430 000C90 000C90 0
0 3431 000C91 000C91 0
0 3432 000C92 000C92 0
0 3436 000C93 000C93 0
0 3437 000C94 000C94 0
0 3438 000C95 000C95 0
0 3439 000C96 000C96 0
0 3440 000C97 000C97 0
0 3441 000C98 000C98 0
0 3442 000C99 000C99 0
0 3443 000C9A 000C9A 0
0 3444 000C9B 000C9B 0
0 3445 000C9C 000C9C 0
0 3446 000C9D 000C9D 0
0 3447 000C9E 000C9E 0
0 3448 000C9F 000C9F 0
0 3449 000CA0 000CA0 0
0 3450 000CA1 000CA1 0
0 3451 000CA2 000CA2 0
0 3452 000CA3 000CA3 0
0 3453 000CA4 000CA4 0
0 3454 000CA5 000CA5 0
0 3458 000CA6 000CA6 0
0 3459 000CA7 000CA7 0
0 3463 000CA8 000CA8 0
0 3464 000CA9 000CA9 0
0 3465 000CAA 000CAA 0
0 3466 000CAB 000CAB 0
0 3467 000CAC 000CAC 0
0 3468 000CAD 000CAD 0
0 3469 000CAE 000CAE 0
0 3470 000CAF 000CAF 0
0 3471 000CB0 000CB0 0
0 3472 000CB1 000CB1 0
0 3473 000CB2 000CB2 0
0 3474 000CB3 000CB3 0
0 3475 000CB4 000CB4 0
0 3476 000CB5 000CB5 0
0 3477 000CB6 000CB6 0
0 3481 000CB7 000CB7 0
0 3482 000CB8 000CB8 0
0 3483 000CB9 000CB9 0
0 3484 000CBA 000CBA 0
0 3485 000CBB 000CBB 0
0 3486 000CBC 000CBC 0
0 3487 000CBD 000CBD 0
0 3488 000CBE 000CBE 0
0 3489 000CBF 000CBF 0
0 3490 000CC0 000CC0 0
0 3491 000CC1 000CC1 0
0 3492 000CC2 000CC2 0
0 3493 000CC3 000CC3 0
0 3494 000CC4 000CC4 0
0 3495 000CC5 000CC5 0
0 3496 000CC6 000CC6 0
0 3497 000CC7 000CC7 0
0 3498 000CC8 000CC8 0
0 3499 000CC9 000CC9 0
0 3500 000CCA 000CCA 0
0 3501 000CCB 000CCB 0
0 3502 000CCC 000CCC 0
0 3503 000CCD 000CCD 0
0 3504 000CCE 000CCE 0
0 3505 000CCF 000CCF 0
0 3509 000CD0 000CD0 0
0 3510 000CD1 000CD1 0
0 3511 000CD2 000CD2 0
0 3512 000CD3 000CD3 0
0 3513 000CD4 000CD4 0
0 3514 000CD5 000CD5 0
0 3515 000CD6 000CD6 0
0 3516 000CD7 000CD7 0
0 3517 000CD8 000CD8 0
0 3518 000CD9 000CD9 0
0 3519 000CDA 000CDA 0
0 3520 000CDB 000CDB 0
0 3521 000CDC 000CDC 0
0 3522 000CDD 000CDD 0
0 3523 000CDE 000CDE 0
0 3524 000CDF 000CDF 0
0 3525 000CE0 000CE0 0
0 3529 000CE1 000CE1 0
0 3530 000CE2 000CE2 0
0 3531 000CE3 000CE3 0
0 3532 000CE4 000CE4 0
0 3533 000CE5 000CE5 0
0 3534 000CE6 000CE6 0
0 3535 000CE7 000CE7 0
0 3536 000CE8 000CE8 0
0 3537 000CE9 000CE9 0
0 3538 000CEA 000CEA 0
0 3539 000CEB 000CEB 0
0 3540 000CEC 000CEC 0
0 3541 000CED 000CED 0
0 3542 000CEE 000CEE 0
0 3543 000CEF 000CEF 0
0 3544 000CF0 000CF0 0
0 3545 000CF1 000CF1 0
0 3546 000CF2 000CF2 0
0 3547 000CF3 000CF3 0
0 3548 000CF4 000CF4 0
0 3549 000CF5 000CF5 0
0 3550 000CF6 000CF6 0
0 3551 000CF7 000CF7 0
0 3552 000CF8 000CF8 0
0 3553 000CF9 000CF9 0
0 3554 000CFA 000CFA 0
0 3555 000CFB 000CFB 0
0 3556 000CFC 000CFC 0
0 3557 000CFD 000CFD 0
0 3558 000CFE 000CFE 0
0 3559 000CFF 000CFF 0
0 3560 000D00 000D00 0
0 3561 000D01 000D01 0
0 3562 000D02 000D02 0
0 3563 000D03 000D03 0
0 3564 000D04 000D04 0
0 3565 000D05 000D05 0
0 3566 000D06 000D06 0
0 3567 000D07 000D07 0
0 3571 000D08 000D08 0
0 3572 000D09 000D09 0
0 3573 000D0A 000D0A 0
0 3574 000D0B 000D0B 0
0 3575 000D0C 000D0C 0
0 3576 000D0D 000D0D 0
0 3577 000D0E 000D0E 0
0 3578 000D0F 000D0F 0
0 3579 000D10 000D10 0
0 3580 000D11 000D11 0
0 3581 000D12 000D12 0
0 3582 000D13 000D13 0
0 3583 000D14 000D14 0
0 3584 000D15 000D15 0
0 3585 000D16 000D16 0
0 3586 000D17 000D17 0
0 3587 000D18 000D18 0
0 3588 000D19 000D19 0
0 3589 000D1A 000D1A 0
0 3590 000D1B 000D1B 0
0 3591 000D1C 000D1C 0
0 3592 000D1D 000D1D 0
0 3593 000D1E 000D1E 0
0 3594 000D1F 000D1F 0
0 3595 000D20 000D20 0
0 3596 000D21 000D21 0
0 3597 000D22 000D22 0
0 3601 000D23 000D23 0
0 3602 000D24 000D24 0
0 3603 000D25 000D25 0
0 3604 000D26 000D26 0
0 3605 000D27 000D27 0
0 3606 000D28 000D28 0
0 3607 000D29 000D29 0
0 3608 000D2A 000D2A 0
0 3609 000D2B 000D2B 0
0 3610 000D2C 000D2C 0
0 3611 000D2D 000D2D 0
0 3612 000D2E 000D2E 0
0 3613 000D2F 000D2F 0
0 3614 000D30 000D30 0
0 3615 000D31 000D31 0
0 3616 000D32 000D32 0
0 3617 000D33 000D33 0
0 3618 000D34 000D34 0
0 3619 000D35 000D35 0
0 3620 000D36 000D36 0
0 3621 000D37 000D37 0
0 3622 000D38 000D38 0
0 3623 000D39 000D39 0
0 3624 000D3A 000D3A 0
0 3625 000D3B 000D3B 0
0 3626 000D3C 000D3C 0
0 3627 000D3D 000D3D 0
0 3628 000D3E 000D3E 0
0 3629 000D3F 000D3F 0
0 3633 000D40 000D40 0
0 3634 000D41 000D41 0
0 3635 000D42 000D42 0
0 3636 000D43 000D43 0
0 3637 000D44 000D44 0
0 3638 000D45 000D45 0
0 3639 000D46 000D46 0
0 3640 000D47 000D47 0
0 3641 000D48 000D48 0
0 3645 000D49 000D49 0
0 3646 000D4A 000D4A 0
0 3647 000D4B 000D4B 0
0 3648 000D4C 000D4C 0
0 3649 000D4D 000D4D 0
0 3650 000D4E 000D4E 0
0 3651 000D4F 000D4F 0
0 3652 000D50 000D50 0
0 3653 000D51 000D51 0
0 3654 000D52 000D52 0
0 3655 000D53 000D53 0
0 3656 000D54 000D54 0
0 3657 000D55 000D55 0
0 3658 000D56 000D56 0
0 3659 000D57 000D57 0
0 3663 000D58 000D58 0
0 3664 000D59 000D59 0
0 3665 000D5A 000D5A 0
0 3666 000D5B 000D5B 0
0 3667 000D5C 000D5C 0
0 3668 000D5D 000D5D 0
0 3669 000D5E 000D5E 0
0 3670 000D5F 000D5F 0
0 3671 000D60 000D60 0
0 3672 000D61 000D61 0
0 3673 000D62 000D62 0
0 3674 000D63 000D63 0
0 3675 000D64 000D64 0
0 3676 000D65 000D65 0
0 3680 000D66 000D66 0
0 3681 000D67 000D67 0
0 3682 000D68 000D68 0
0 3683 000D69 000D69 0
0 3684 000D6A 000D6A 0
0 3685 000D6B 000D6B 0
0 3686 000D6C 000D6C 0
0 3687 000D6D 000D6D 0
0 3688 000D6E 000D6E 0
0 3689 000D6F 000D6F 0
0 3690 000D70 000D70 0
0 3691 000D71 000D71 0
0 3692 000D72 000D72 0
0 3693 000D73 000D73 0
0 3694 000D74 000D74 0
0 3695 000D75 000D75 0
0 3696 000D76 000D76 0
0 3697 000D77 000D77 0
0 3698 000D78 000D78 0
0 3699 000D79 000D79 0
0 3700 000D7A 000D7A 0
0 3701 000D7B 000D7B 0
0 3702 000D7C 000D7C 0
0 3703 000D7D 000D7D 0
0 3704 000D7E 000D7E 0
0 3705 000D7F 000D7F 0
0 3706 000D80 000D80 0
0 3707 000D81 000D81 0
0 3711 000D82 000D82 0
0 3712 000D83 000D83 0
0 3716 000D84 000D84 0
0 3717 000D85 000D85 0
0 3718 000D86 000D86 0
0 3719 000D87 000D87 0
0 3723 000D88 000D88 0
0 3724 000D89 000D89 0
0 3728 000D8A 000D8A 0
0 3729 000D8B 000D8B 0
0 3730 000D8C 000D8C 0
0 3731 000D8D 000D8D 0
0 3732 000D8E 000D8E 0
0 3733 000D8F 000D8F 0
0 3734 000D90 000D90 0
0 3735 000D91 000D91 0
0 3736 000D92 000D92 0
0 3737 000D93 000D93 0
0 3738 000D94 000D94 0
0 3739 000D95 000D95 0
0 3743 000D96 000D96 0
0 3744 000D97 000D97 0
0 3745 000D98 000D98 0
0 3749 000D99 000D99 0
0 3750 000D9A 000D9A 0
0 3751 000D9B 000D9B 0
0 3752 000D9C 000D9C 0
0 3753 000D9D 000D9D 0
0 3754 000D9E 000D9E 0
0 3758 000D9F 000D9F 0
0 3759 000DA0 000DA0 0
0 3760 000DA1 000DA1 0
0 3761 000DA2 000DA2 0
0 3762 000DA3 000DA3 0
0 3763 000DA4 000DA4 0
0 3764 000DA5 000DA5 0
0 3765 000DA6 000DA6 0
0 3766 000DA7 000DA7 0
0 3767 000DA8 000DA8 0
0 3768 000DA9 000DA9 0
0 3769 000DAA 000DAA 0
0 3773 000DAB 000DAB 0
0 3774 000DAC 000DAC 0
0 3775 000DAD 000DAD 0
0 3776 000DAE 000DAE 0
0 3777 000DAF 000DAF 0
0 3778 000DB0 000DB0 0
0 3779 000DB1 000DB1 0
0 3780 000DB2 000DB2 0
0 3781 000DB3 000DB3 0
0 3782 000DB4 000DB4 0
0 3783 000DB5 000DB5 0
0 3784 000DB6 000DB6 0
0 3785 000DB7 000DB7 0
0 3786 000DB8 000DB8 0
0 3787 000DB9 000DB9 0
0 3788 000DBA 000DBA 0
0 3789 000DBB 000DBB 0
0 3790 000DBC 000DBC 0
0 3791 000DBD 000DBD 0
0 3792 000DBE 000DBE 0
0 3793 000DBF 000DBF 0
0 3794 000DC0 000DC0 0
0 3798 000DC1 000DC1 0
0 3799 000DC2 000DC2 0
0 3800 000DC3 000DC3 0
0 3801 000DC4 000DC4 0
0 3802 000DC5 000DC5 0
0 3803 000DC6 000DC6 0
0 3807 000DC7 000DC7 0
0 3808 000DC8 000DC8 0
0 3812 000DC9 000DC9 0
0 3813 000DCA 000DCA 0
0 3814 000DCB 000DCB 0
0 3815 000DCC 000DCC 0
0 3816 000DCD 000DCD 0
0 3817 000DCE 000DCE 0
0 3818 000DCF 000DCF 0
0 3819 000DD0 000DD0 0
0 3820 000DD1 000DD1 0
0 3821 000DD2 000DD2 0
0 3822 000DD3 000DD3 0
0 3826 000DD4 000DD4 0
0 3827 000DD5 000DD5 0
0 3828 000DD6 000DD6 0
0 3829 000DD7 000DD7 0
0 3830 000DD8 000DD8 0
0 3831 000DD9 000DD9 0
0 3832 000DDA 000DDA 0
0 3833 000DDB 000DDB 0
0 3834 000DDC 000DDC 0
0 3835 000DDD 000DDD 0
0 3836 000DDE 000DDE 0
0 3837 000DDF 000DDF 0
0 3838 000DE0 000DE0 0
0 3839 000DE1 000DE1 0
0 3840 000DE2 000DE2 0
0 3841 000DE3 000DE3 0
0 3842 000DE4 000DE4 0
0 3843 000DE5 000DE5 0
0 3844 000DE6 000DE6 0
0 3845 000DE7 000DE7 0
0 3849 000DE8 000DE8 0
0 3850 000DE9 000DE9 0
0 3854 000DEA 000DEA 0
0 3855 000DEB 000DEB 0
0 3856 000DEC 000DEC 0
0 3857 000DED 000DED 0
0 3858 000DEE 000DEE 0
0 3859 000DEF 000DEF 0
0 3860 000DF0 000DF0 0
0 3861 000DF1 000DF1 0
0 3862 000DF2 000DF2 0
0 3863 000DF3 000DF3 0
0 3864 000DF4 000DF4 0
0 3865 000DF5 000DF5 0
0 3866 000DF6 000DF6 0
0 3867 000DF7 000DF7 0
0 3868 000DF8 000DF8 0
0 3872 000DF9 000DF9 0
0 3873 000DFA 000DFA 0
0 3874 000DFB 000DFB 0
0 3875 000DFC 000DFC 0
0 3876 000DFD 000DFD 0
0 3877 000DFE 000DFE 0
0 3878 000DFF 000DFF 0
0 3882 000E00 000E00 0
0 3883 000E01 000E01 0
0 3884 000E02 000E02 0
0 3885 000E03 000E03 0
0 3886 000E04 000E04 0
0 3887 000E05 000E05 0
0 3888 000E06 000E06 0
0 3889 000E07 000E07 0
0 3893 000E08 000E08 0
0 3897 000E09 000E09 0
0 3898 000E0A 000E0A 0
0 3902 000E0B 000E0B 0
0 3903 000E0C 000E0C 0
0 3904 000E0D 000E0D 0
0 3905 000E0E 000E0E 0
0 3906 000E0F 000E0F 0
0 3907 000E10 000E10 0
0 3908 000E11 000E11 0
0 3909 000E12 000E12 0
0 3910 000E13 000E13 0
0 3911 000E14 000E14 0
0 3912 000E15 000E15 0
0 3913 000E16 000E16 0
0 3914 000E17 000E17 0
0 3915 000E18 000E18 0
0 3916 000E19 000E19 0
0 3917 000E1A 000E1A 0
0 3918 000E1B 000E1B 0
0 3922 000E1C 000E1C 0
0 3923 000E1D 000E1D 0
0 3924 000E1E 000E1E 0
0 3925 000E1F 000E1F 0
0 3926 000E20 000E20 0
0 3927 000E21 000E21 0
0 3928 000E22 000E22 0
0 3929 000E23 000E23 0
0 3930 000E24 000E24 0
0 3931 000E25 000E25 0
0 3935 000E26 000E26 0
0 3936 000E27 000E27 0
0 3937 000E28 000E28 0
0 3938 000E29 000E29 0
0 3939 000E2A 000E2A 0
0 3940 000E2B 000E2B 0
0 3941 000E2C 000E2C 0
0 3942 000E2D 000E2D 0
0 3943 000E2E 000E2E 0
0 3944 000E2F 000E2F 0
0 3945 000E30 000E30 0
0 3946 000E31 000E31 0
0 3947 000E32 000E32 0
0 3948 000E33 000E33 0
0 3949 000E34 000E34 0
0 3950 000E35 000E35 0
0 3951 000E36 000E36 0
0 3952 000E37 000E37 0
0 3953 000E38 000E38 0
0 3954 000E39 000E39 0
0 3958 000E3A 000E3A 0
0 3959 000E3B 000E3B 0
0 3960 000E3C 000E3C 0
0 3961 000E3D 000E3D 0
0 3965 000E3E 000E3E 0
0 3966 000E3F 000E3F 0
0 3967 000E40 000E40 0
0 3971 000E41 000E41 0
0 3972 000E42 000E42 0
0 3973 000E43 000E43 0
0 3974 000E44 000E44 0
0 3975 000E45 000E45 0
0 3979 000E46 000E46 0
0 3980 000E47 000E47 0
0 3981 000E48 000E48 0
0 3982 000E49 000E49 0
0 3983 000E4A 000E4A 0
0 3984 000E4B 000E4B 0
0 3985 000E4C 000E4C 0
0 3989 000E4D 000E4D 0
0 3990 000E4E 000E4E 0
0 3991 000E4F 000E4F 0
0 3992 000E50 000E50 0
0 3993 000E51 000E51 0
0 3994 000E52 000E52 0
0 3998 000E53 000E53 0
0 3999 000E54 000E54 0
0 4000 000E55 000E55 0
0 4001 000E56 000E56 0
0 4002 000E57 000E57 0
0 4003 000E58 000E58 0
0 4004 000E59 000E59 0
0 4005 000E5A 000E5A 0
0 4009 000E5B 000E5B 0
0 4010 000E5C 000E5C 0
0 4014 000E5D 000E5D 0
0 4015 000E5E 000E5E 0
0 4016 000E5F 000E5F 0
0 4017 000E60 000E60 0
0 4018 000E61 000E61 0
0 4019 000E62 000E62 0
0 4023 000E63 000E63 0
0 4024 000E64 000E64 0
0 4025 000E65 000E65 0
0 4026 000E66 000E66 0
0 4027 000E67 000E67 0
0 4031 000E68 000E68 0
0 4032 000E69 000E69 0
0 4036 000E6A 000E6A 0
0 4037 000E6B 000E6B 0
0 4038 000E6C 000E6C 0
0 4039 000E6D 000E6D 0
0 4040 000E6E 000E6E 0
0 4041 000E6F 000E6F 0
0 4042 000E70 000E70 0
0 4043 000E71 000E71 0
0 4044 000E72 000E72 0
0 4045 000E73 000E73 0
0 4046 000E74 000E74 0
0 4050 000E75 000E75 0
0 4051 000E76 000E76 0
0 4052 000E77 000E77 0
0 4053 000E78 000E78 0
0 4054 000E79 000E79 0
0 4055 000E7A 000E7A 0
0 4056 000E7B 000E7B 0
0 4057 000E7C 000E7C 0
0 4061 000E7D 000E7D 0
0 4062 000E7E 000E7E 0
0 4063 000E7F 000E7F 0
0 4067 000E80 000E80 0
0 4068 000E81 000E81 0
0 4072 000E82 000E82 0
0 4073 000E83 000E83 0
0 4074 000E84 000E84 0
0 4075 000E85 000E85 0
0 4079 000E86 000E86 0
0 4080 000E87 000E87 0
0 4081 000E88 000E88 0
0 4082 000E89 000E89 0
0 4086 000E8A 000E8A 0
0 4087 000E8B 000E8B 0
0 4088 000E8C 000E8C 0
0 4089 000E8D 000E8D 0
0 4093 000E8E 000E8E 0
0 4094 000E8F 000E8F 0
0 4095 000E90 000E90 0
0 4099 000E91 000E91 0
0 4100 000E92 000E92 0
0 4101 000E93 000E93 0
0 4102 000E94 000E94 0
0 4103 000E95 000E95 0
0 4104 000E96 000E96 0
0 4105 000E97 000E97 0
0 4106 000E98 000E98 0
0 4107 000E99 000E99 0
0 4108 000E9A 000E9A 0
0 4109 000E9B 000E9B 0
0 4113 000E9C 000E9C 0
0 4114 000E9D 000E9D 0
0 4115 000E9E 000E9E 0
0 4119 000E9F 000E9F 0
0 4120 000EA0 000EA0 0
0 4121 000EA1 000EA1 0
0 4122 000EA2 000EA2 0
0 4123 000EA3 000EA3 0
0 4124 000EA4 000EA4 0
0 4125 000EA5 000EA5 0
0 4126 000EA6 000EA6 0
0 4127 000EA7 000EA7 0
0 4131 000EA8 000EA8 0
0 4132 000EA9 000EA9 0
0 4133 000EAA 000EAA 0
0 4134 000EAB 000EAB 0
0 4135 000EAC 000EAC 0
0 4136 000EAD 000EAD 0
0 4137 000EAE 000EAE 0
0 4138 000EAF 000EAF 0
0 4139 000EB0 000EB0 0
0 4140 000EB1 000EB1 0
0 4141 000EB2 000EB2 0
0 4142 000EB3 000EB3 0
0 4143 000EB4 000EB4 0
0 4144 000EB5 000EB5 0
0 4145 000EB6 000EB6 0
0 4146 000EB7 000EB7 0
0 4147 000EB8 000EB8 0
0 4148 000EB9 000EB9 0
0 4149 000EBA 000EBA 0
0 4150 000EBB 000EBB 0
0 4151 000EBC 000EBC 0
0 4152 000EBD 000EBD 0
0 4153 000EBE 000EBE 0
0 4154 000EBF 000EBF 0
0 4155 000EC0 000EC0 0
0 4156 000EC1 000EC1 0
0 4157 000EC2 000EC2 0
0 4158 000EC3 000EC3 0
0 4159 000EC4 000EC4 0
0 4160 000EC5 000EC5 0
0 4161 000EC6 000EC6 0
0 4162 000EC7 000EC7 0
0 4163 000EC8 000EC8 0
0 4164 000EC9 000EC9 0
0 4165 000ECA 000ECA 0
0 4166 000ECB 000ECB 0
0 4167 000ECC 000ECC 0
0 4168 000ECD 000ECD 0
0 4169 000ECE 000ECE 0
0 4170 000ECF 000ECF 0
0 4171 000ED0 000ED0 0
0 4172 000ED1 000ED1 0
0 4173 000ED2 000ED2 0
0 4174 000ED3 000ED3 0
0 4175 000ED4 000ED4 0
0 4176 000ED5 000ED5 0
0 4177 000ED6 000ED6 0
0 4178 000ED7 000ED7 0
0 4179 000ED8 000ED8 0
0 4180 000ED9 000ED9 0
0 4181 000EDA 000EDA 0
0 4182 000EDB 000EDB 0
0 4183 000EDC 000EDC 0
0 4184 000EDD 000EDD 0
0 4185 000EDE 000EDE 0
0 4186 000EDF 000EDF 0
0 4187 000EE0 000EE0 0
0 4188 000EE1 000EE1 0
0 4189 000EE2 000EE2 0
0 4190 000EE3 000EE3 0
0 4191 000EE4 000EE4 0
0 4192 000EE5 000EE5 0
0 4193 000EE6 000EE6 0
0 4194 000EE7 000EE7 0
0 4195 000EE8 000EE8 0
0 4196 000EE9 000EE9 0
0 4197 000EEA 000EEA 0
0 4198 000EEB 000EEB 0
0 4199 000EEC 000EEC 0
0 4200 000EED 000EED 0
0 4201 000EEE 000EEE 0
0 4202 000EEF 000EEF 0
0 4203 000EF0 000EF0 0
0 4204 000EF1 000EF1 0
0 4205 000EF2 000EF2 0
0 4206 000EF3 000EF3 0
0 4207 000EF4 000EF4 0
0 4208 000EF5 000EF5 0
0 4209 000EF6 000EF6 0
0 4210 000EF7 000EF7 0
0 4211 000EF8 000EF8 0
0 4212 000EF9 000EF9 0
0 4213 000EFA 000EFA 0
0 4214 000EFB 000EFB 0
0 4215 000EFC 000EFC 0
0 4216 000EFD 000EFD 0
0 4217 000EFE 000EFE 0
0 4218 000EFF 000EFF 0
0 4219 000F00 000F00 0
0 4220 000F01 000F01 0
0 4221 000F02 000F02 0
0 4222 000F03 000F03 0
0 4223 000F04 000F04 0
0 4224 000F05 000F05 0
0 4225 000F06 000F06 0
0 4226 000F07 000F07 0
0 4227 000F08 000F08 0
0 4228 000F09 000F09 0
0 4229 000F0A 000F0A 0
0 4230 000F0B 000F0B 0
0 4231 000F0C 000F0C 0
0 4232 000F0D 000F0D 0
0 4233 000F0E 000F0E 0
0 4237 000F0F 000F0F 0
0 4238 000F10 000F10 0
0 4239 000F11 000F11 0
0 4240 000F12 000F12 0
0 4241 000F13 000F13 0
0 4245 000F14 000F14 0
0 4246 000F15 000F15 0
0 4247 000F16 000F16 0
0 4248 000F17 000F17 0
0 4249 000F18 000F18 0
0 4250 000F19 000F19 0
0 4254 000F1A 000F1A 0
0 4255 000F1B 000F1B 0
0 4259 000F1C 000F1C 0
0 4260 000F1D 000F1D 0
0 4261 000F1E 000F1E 0
0 4262 000F1F 000F1F 0
0 4263 000F20 000F20 0
0 4264 000F21 000F21 0
0 4265 000F22 000F22 0
0 4266 000F23 000F23 0
0 4267 000F24 000F24 0
0 4268 000F25 000F25 0
0 4269 000F26 000F26 0
0 4270 000F27 000F27 0
0 4274 000F28 000F28 0
0 4275 000F29 000F29 0
0 4279 000F2A 000F2A 0
0 4280 000F2B 000F2B 0
0 4281 000F2C 000F2C 0
0 4282 000F2D 000F2D 0
0 4283 000F2E 000F2E 0
0 4284 000F2F 000F2F 0
0 4285 000F30 000F30 0
0 4286 000F31 000F31 0
0 4287 000F32 000F32 0
0 4291 000F33 000F33 0
0 4292 000F34 000F34 0
0 4293 000F35 000F35 0
0 4294 000F36 000F36 0
0 4295 000F37 000F37 0
0 4296 000F38 000F38 0
0 4297 000F39 000F39 0
0 4298 000F3A 000F3A 0
0 4299 000F3B 000F3B 0
0 4303 000F3C 000F3C 0
0 4304 000F3D 000F3D 0
0 4305 000F3E 000F3E 0
0 4306 000F3F 000F3F 0
0 4307 000F40 000F40 0
0 4308 000F41 000F41 0
0 4309 000F42 000F42 0
0 4310 000F43 000F43 0
0 4311 000F44 000F44 0
0 4315 000F45 000F45 0
0 4316 000F46 000F46 0
0 4317 000F47 000F47 0
0 4318 000F48 000F48 0
0 4319 000F49 000F49 0
0 4320 000F4A 000F4A 0
0 4321 000F4B 000F4B 0
0 4322 000F4C 000F4C 0
0 4323 000F4D 000F4D 0
0 4327 000F4E 000F4E 0
0 4328 000F4F 000F4F 0
0 4329 000F50 000F50 0
0 4330 000F51 000F51 0
0 4331 000F52 000F52 0
0 4332 000F53 000F53 0
0 4333 000F54 000F54 0
0 4334 000F55 000F55 0
0 4335 000F56 000F56 0
0 4339 000F57 000F57 0
0 4340 000F58 000F58 0
0 4341 000F59 000F59 0
0 4342 000F5A 000F5A 0
0 4343 000F5B 000F5B 0
0 4344 000F5C 000F5C 0
0 4345 000F5D 000F5D 0
0 4346 000F5E 000F5E 0
0 4347 000F5F 000F5F 0
0 4351 000F60 000F60 0
0 4352 000F61 000F61 0
0 4353 000F62 000F62 0
0 4354 000F63 000F63 0
0 4355 000F64 000F64 0
0 4356 000F65 000F65 0
0 4357 000F66 000F66 0
0 4358 000F67 000F67 0
0 4359 000F68 000F68 0
0 4363 000F69 000F69 0
0 4364 000F6A 000F6A 0
0 4365 000F6B 000F6B 0
0 4366 000F6C 000F6C 0
0 4367 000F6D 000F6D 0
0 4368 000F6E 000F6E 0
0 4369 000F6F 000F6F 0
0 4370 000F70 000F70 0
0 4371 000F71 000F71 0
0 4375 000F72 000F72 0
0 4376 000F73 000F73 0
0 4377 000F74 000F74 0
0 4378 000F75 000F75 0
0 4379 000F76 000F76 0
0 4380 000F77 000F77 0
0 4381 000F78 000F78 0
0 4382 000F79 000F79 0
0 4383 000F7A 000F7A 0
0 4384 000F7B 000F7B 0
0 4385 000F7C 000F7C 0
0 4386 000F7D 000F7D 0
0 4387 000F7E 000F7E 0
0 4391 000F7F 000F7F 0
0 4392 000F80 000F80 0
0 4396 000F81 000F81 0
0 4397 000F82 000F82 0
0 4398 000F83 000F83 0
0 4399 000F84 000F84 0
0 4400 000F85 000F85 0
0 4401 000F86 000F86 0
0 4402 000F87 000F87 0
0 4403 000F88 000F88 0
0 4404 000F89 000F89 0
0 4405 000F8A 000F8A 0
0 4406 000F8B 000F8B 0
0 4410 000F8C 000F8C 0
0 4411 000F8D 000F8D 0
0 4412 000F8E 000F8E 0
0 4416 000F8F 000F8F 0
0 4417 000F90 000F90 0
0 4418 000F91 000F91 0
0 4419 000F92 000F92 0
0 4420 000F93 000F93 0
0 4421 000F94 000F94 0
0 4422 000F95 000F95 0
0 4423 000F96 000F96 0
0 4424 000F97 000F97 0
0 4425 000F98 000F98 0
0 4426 000F99 000F99 0
0 4430 000F9A 000F9A 0
0 4431 000F9B 000F9B 0
0 4432 000F9C 000F9C 0
0 4436 000F9D 000F9D 0
0 4437 000F9E 000F9E 0
0 4438 000F9F 000F9F 0
0 4439 000FA0 000FA0 0
0 4440 000FA1 000FA1 0
0 4441 000FA2 000FA2 0
0 4442 000FA3 000FA3 0
0 4443 000FA4 000FA4 0
0 4444 000FA5 000FA5 0
0 4445 000FA6 000FA6 0
0 4446 000FA7 000FA7 0
0 4450 000FA8 000FA8 0
0 4451 000FA9 000FA9 0
0 4452 000FAA 000FAA 0
0 4456 000FAB 000FAB 0
0 4457 000FAC 000FAC 0
0 4458 000FAD 000FAD 0
0 4459 000FAE 000FAE 0
0 4460 000FAF 000FAF 0
0 4461 000FB0 000FB0 0
0 4462 000FB1 000FB1 0
0 4463 000FB2 000FB2 0
0 4464 000FB3 000FB3 0
0 4465 000FB4 000FB4 0
0 4466 000FB5 000FB5 0
0 4470 000FB6 000FB6 0
0 4471 000FB7 000FB7 0
0 4472 000FB8 000FB8 0
0 4476 000FB9 000FB9 0
0 4477 000FBA 000FBA 0
0 4478 000FBB 000FBB 0
0 4479 000FBC 000FBC 0
0 4480 000FBD 000FBD 0
0 4481 000FBE 000FBE 0
0 4482 000FBF 000FBF 0
0 4483 000FC0 000FC0 0
0 4484 000FC1 000FC1 0
0 4485 000FC2 000FC2 0
0 4486 000FC3 000FC3 0
0 4490 000FC4 000FC4 0
0 4491 000FC5 000FC5 0
0 4492 000FC6 000FC6 0
0 4496 000FC7 000FC7 0
0 4497 000FC8 000FC8 0
0 4498 000FC9 000FC9 0
0 4499 000FCA 000FCA 0
0 4500 000FCB 000FCB 0
0 4501 000FCC 000FCC 0
0 4502 000FCD 000FCD 0
0 4503 000FCE 000FCE 0
0 4504 000FCF 000FCF 0
0 4505 000FD0 000FD0 0
0 4506 000FD1 000FD1 0
0 4510 000FD2 000FD2 0
0 4511 000FD3 000FD3 0
0 4512 000FD4 000FD4 0
0 4516 000FD5 000FD5 0
0 4517 000FD6 000FD6 0
0 4518 000FD7 000FD7 0
0 4519 000FD8 000FD8 0
0 4520 000FD9 000FD9 0
0 4521 000FDA 000FDA 0
0 4522 000FDB 000FDB 0
0 4523 000FDC 000FDC 0
0 4524 000FDD 000FDD 0
0 4525 000FDE 000FDE 0
0 4526 000FDF 000FDF 0
0 4530 000FE0 000FE0 0
0 4531 000FE1 000FE1 0
0 4532 000FE2 000FE2 0
0 4536 000FE3 000FE3 0
0 4537 000FE4 000FE4 0
0 4538 000FE5 000FE5 0
0 4539 000FE6 000FE6 0
0 4540 000FE7 000FE7 0
0 4541 000FE8 000FE8 0
0 4542 000FE9 000FE9 0
0 4543 000FEA 000FEA 0
0 4544 000FEB 000FEB 0
0 4545 000FEC 000FEC 0
0 4546 000FED 000FED 0
0 4550 000FEE 000FEE 0
0 4551 000FEF 000FEF 0
0 4552 000FF0 000FF0 0
0 4556 000FF1 000FF1 0
0 4557 000FF2 000FF2 0
0 4558 000FF3 000FF3 0
0 4559 000FF4 000FF4 0
0 4560 000FF5 000FF5 0
0 4561 000FF6 000FF6 0
0 4562 000FF7 000FF7 0
0 4563 000FF8 000FF8 0
0 4564 000FF9 000FF9 0
0 4565 000FFA 000FFA 0
0 4566 000FFB 000FFB 0
0 4567 000FFC 000FFC 0
0 4568 000FFD 000FFD 0
0 4569 000FFE 000FFE 0
0 4570 000FFF 000FFF 0
}
ASM FILE 1 {
D:\×ÊÁÏ\P2\P2code_0429\code\DEBUGFILE\_DeclFuncExportName_1.s
@@@@@: CODE 0
}
ASM FILE 1 {
D:\×ÊÁÏ\P2\P2code_0429\code\DEBUGFILE\_DeclFuncExportName_1.s
@@@@@: CODE 0
}
